   1.2533141373155003     
  0.31332853432887509     
  0.31332853432887509     
  0.23499640074665643     
  0.31332853432887509     
  0.16616754852239218     
  0.16616754852239218     
  0.14687275046666040     
  0.31332853432887509     
  0.16616754852239213     
  0.16616754852239213     
  0.14687275046666018     
  0.11749820037332816     
  0.11749820037332816     
   4.8957583488886729E-002
   4.8957583488886729E-002
  0.31332853432887509     
  0.86165346940440668     
  0.23499640074665643     
  0.13708123376888337     
  -7.8332133582218716E-002
  0.15232025281219280     
   4.1541887130598282E-002
   5.1405462663331451E-002
  -7.8332133582218799E-002
  0.15232025281219272     
   4.1541887130598011E-002
   5.1405462663330931E-002
  -8.8123650279996121E-002
  -8.8123650279996121E-002
  -6.1196979361108454E-002
  -6.1196979361108426E-002
  0.31332853432887509     
  0.23499640074665643     
  0.86165346940440668     
  0.13708123376888337     
  -7.8332133582218716E-002
   4.1541887130598282E-002
  0.15232025281219300     
   5.1405462663331437E-002
  -7.8332133582218799E-002
   4.1541887130598011E-002
  0.15232025281219272     
   5.1405462663330855E-002
  -8.8123650279996121E-002
  -8.8123650279996121E-002
  -6.1196979361108454E-002
  -6.1196979361108426E-002
  0.23499640074665643     
  0.13708123376888337     
  0.13708123376888337     
  0.74905102737996876     
  0.13708123376888318     
  -7.9621950333645844E-002
  -7.9621950333645858E-002
  0.16217199530693691     
  0.13708123376888284     
  -7.9621950333646427E-002
  -7.9621950333646538E-002
  0.16217199530693580     
  0.13952911294332743     
  0.13952911294332726     
  0.11933410975416096     
  0.11933410975416114     
  0.31332853432887509     
  -7.8332133582218716E-002
  -7.8332133582218716E-002
  0.13708123376888318     
  0.86165346940440657     
  0.15232025281219294     
  0.15232025281219294     
  0.13952911294332787     
  0.23499640074665631     
   4.1541887130598032E-002
   4.1541887130598032E-002
   8.0780012756663189E-002
  0.30353701763109786     
  0.14687275046666018     
  0.14442487129221596     
   8.5675771105551857E-002
  0.16616754852239218     
  0.15232025281219280     
   4.1541887130598282E-002
  -7.9621950333645844E-002
  0.15232025281219294     
  0.66827101462330440     
  0.13952911294332787     
   7.8323766360816519E-002
   4.1541887130598032E-002
  0.13952911294332743     
   8.0780012756663189E-002
  -1.2981839728304415E-003
  -5.3658270877022324E-002
  -2.5963679456623808E-002
  -7.6592854397039889E-002
  -4.5436439049091247E-002
  0.16616754852239218     
   4.1541887130598282E-002
  0.15232025281219300     
  -7.9621950333645858E-002
  0.15232025281219294     
  0.13952911294332787     
  0.66827101462330440     
   7.8323766360817407E-002
   4.1541887130598032E-002
   8.0780012756663189E-002
  0.13952911294332743     
  -1.2981839728300624E-003
  -5.3658270877022490E-002
  -2.5963679456623808E-002
  -7.6592854397039958E-002
  -4.5436439049091247E-002
  0.14687275046666040     
   5.1405462663331451E-002
   5.1405462663331437E-002
  0.16217199530693691     
  0.13952911294332787     
   7.8323766360816519E-002
   7.8323766360817407E-002
  0.62199079898147280     
   8.0780012756663189E-002
  -1.2981839728302845E-003
  -1.2981839728300624E-003
  0.15628178604343465     
  0.10311691022346724     
   6.8846601781246505E-002
  0.10717121010614193     
   7.2288931870310685E-002
  0.31332853432887509     
  -7.8332133582218799E-002
  -7.8332133582218799E-002
  0.13708123376888284     
  0.23499640074665631     
   4.1541887130598032E-002
   4.1541887130598032E-002
   8.0780012756663189E-002
  0.86165346940440657     
  0.15232025281219294     
  0.15232025281219294     
  0.13952911294332787     
  0.14687275046666018     
  0.30353701763109775     
   8.5675771105551857E-002
  0.14442487129221590     
  0.16616754852239213     
  0.15232025281219272     
   4.1541887130598011E-002
  -7.9621950333646427E-002
   4.1541887130598032E-002
  0.13952911294332743     
   8.0780012756663189E-002
  -1.2981839728302845E-003
  0.15232025281219294     
  0.66827101462330440     
  0.13952911294332787     
   7.8323766360816519E-002
  -2.5963679456623867E-002
  -5.3658270877022539E-002
  -4.5436439049091164E-002
  -7.6592854397040014E-002
  0.16616754852239213     
   4.1541887130598011E-002
  0.15232025281219272     
  -7.9621950333646538E-002
   4.1541887130598032E-002
   8.0780012756663189E-002
  0.13952911294332743     
  -1.2981839728300624E-003
  0.15232025281219294     
  0.13952911294332787     
  0.66827101462330440     
   7.8323766360817407E-002
  -2.5963679456623867E-002
  -5.3658270877022601E-002
  -4.5436439049091164E-002
  -7.6592854397039931E-002
  0.14687275046666018     
   5.1405462663330931E-002
   5.1405462663330855E-002
  0.16217199530693580     
   8.0780012756663189E-002
  -1.2981839728304415E-003
  -1.2981839728300624E-003
  0.15628178604343465     
  0.13952911294332787     
   7.8323766360816519E-002
   7.8323766360817407E-002
  0.62199079898147280     
   6.8846601781246186E-002
  0.10311691022346701     
   7.2288931870310699E-002
  0.10717121010614171     
  0.11749820037332816     
  -8.8123650279996121E-002
  -8.8123650279996121E-002
  0.13952911294332743     
  0.30353701763109786     
  -5.3658270877022324E-002
  -5.3658270877022490E-002
  0.10311691022346724     
  0.14687275046666018     
  -2.5963679456623867E-002
  -2.5963679456623867E-002
   6.8846601781246186E-002
  0.71600465852496864     
  0.12851365665832779     
  0.28731981810040391     
   9.6385242493745540E-002
  0.11749820037332816     
  -8.8123650279996121E-002
  -8.8123650279996121E-002
  0.13952911294332726     
  0.14687275046666018     
  -2.5963679456623808E-002
  -2.5963679456623808E-002
   6.8846601781246505E-002
  0.30353701763109775     
  -5.3658270877022539E-002
  -5.3658270877022601E-002
  0.10311691022346701     
  0.12851365665832779     
  0.71600465852496864     
   9.6385242493745540E-002
  0.28731981810040391     
   4.8957583488886729E-002
  -6.1196979361108454E-002
  -6.1196979361108454E-002
  0.11933410975416096     
  0.14442487129221596     
  -7.6592854397039889E-002
  -7.6592854397039958E-002
  0.10717121010614193     
   8.5675771105551857E-002
  -4.5436439049091164E-002
  -4.5436439049091164E-002
   7.2288931870310699E-002
  0.28731981810040391     
   9.6385242493745540E-002
  0.63239428547285437     
   8.8353138952601037E-002
   4.8957583488886729E-002
  -6.1196979361108426E-002
  -6.1196979361108426E-002
  0.11933410975416114     
   8.5675771105551857E-002
  -4.5436439049091247E-002
  -4.5436439049091247E-002
   7.2288931870310685E-002
  0.14442487129221590     
  -7.6592854397040014E-002
  -7.6592854397039931E-002
  0.10717121010614171     
   9.6385242493745540E-002
  0.28731981810040391     
   8.8353138952601037E-002
  0.63239428547285437     
  0.93998560298662526     
  0.27694591420398679     
   7.8332133582218674E-002
  0.12462566139179382     
  0.31332853432887509     
  -7.8332133582218716E-002
  0.16616754852239218     
   4.1541887130598282E-002
  0.27694591420398690     
   8.8123650279996121E-002
  0.16616754852239213     
   2.9374550093332039E-002
  0.11871583082596580     
   8.4797022018546983E-002
  0.27694591420398679     
  0.75394678572885532     
  0.12462566139179382     
   8.5675771105551135E-002
  0.16616754852239218     
  0.15232025281219280     
  0.14687275046666040     
   5.1405462663331340E-002
   9.7915166977773759E-003
   6.7505566587221871E-002
   2.9374550093332039E-002
   9.8661981935170506E-002
  -3.2978302111556862E-002
  -1.4990137323434946E-002
   7.8332133582218674E-002
  0.12462566139179382     
  0.72457223563552342     
   7.9621950333644997E-002
  -7.8332133582218716E-002
  0.13708123376888318     
  0.15232025281219300     
  -7.9621950333645858E-002
 -0.15232025281219280     
  0.16400790468777077     
 -0.12462566139179411     
   5.1405462663331340E-002
 -0.13143538412874789     
 -0.10599627752318382     
  0.12462566139179382     
   8.5675771105551135E-002
   7.9621950333644997E-002
  0.64318025308524696     
   4.1541887130598282E-002
  -7.9621950333645844E-002
   5.1405462663331437E-002
  0.16217199530693691     
   8.5675771105551884E-002
  -7.8323766360814104E-002
   5.1405462663331340E-002
  -9.9960165908000317E-002
   9.9684413200841718E-002
   7.1203152286315130E-002
  0.31332853432887509     
  0.16616754852239218     
  -7.8332133582218716E-002
   4.1541887130598282E-002
  0.93998560298662526     
   7.8332133582218674E-002
  0.27694591420398679     
  0.12462566139179382     
  0.16616754852239213     
   2.9374550093332039E-002
  0.27694591420398690     
   8.8123650279995983E-002
   8.4797022018546983E-002
  0.11871583082596580     
  -7.8332133582218716E-002
  0.15232025281219280     
  0.13708123376888318     
  -7.9621950333645844E-002
   7.8332133582218674E-002
  0.72457223563552342     
  0.12462566139179382     
   7.9621950333644997E-002
 -0.12462566139179411     
   5.1405462663331181E-002
 -0.15232025281219297     
  0.16400790468777027     
 -0.10599627752318376     
 -0.13143538412874800     
  0.16616754852239218     
  0.14687275046666040     
  0.15232025281219300     
   5.1405462663331437E-002
  0.27694591420398679     
  0.12462566139179382     
  0.75394678572885532     
   8.5675771105550691E-002
   2.9374550093332039E-002
   9.8661981935170506E-002
   9.7915166977772406E-003
   6.7505566587221746E-002
  -1.4990137323434911E-002
  -3.2978302111556862E-002
   4.1541887130598282E-002
   5.1405462663331340E-002
  -7.9621950333645858E-002
  0.16217199530693691     
  0.12462566139179382     
   7.9621950333644997E-002
   8.5675771105550691E-002
  0.64318025308524529     
   5.1405462663331181E-002
  -9.9960165908000526E-002
   8.5675771105551704E-002
  -7.8323766360814409E-002
   7.1203152286315380E-002
   9.9684413200841648E-002
  0.27694591420398690     
   9.7915166977773759E-003
 -0.15232025281219280     
   8.5675771105551884E-002
  0.16616754852239213     
 -0.12462566139179411     
   2.9374550093332039E-002
   5.1405462663331181E-002
  0.75394678572885565     
   5.3658270877022136E-002
  0.14687275046666018     
  -2.5963679456623867E-002
  0.27881655421588902     
  0.10493096126404433     
   8.8123650279996121E-002
   6.7505566587221871E-002
  0.16400790468777077     
  -7.8323766360814104E-002
   2.9374550093332039E-002
   5.1405462663331181E-002
   9.8661981935170506E-002
  -9.9960165908000526E-002
   5.3658270877022136E-002
  0.61288774830149961     
  -2.5963679456623867E-002
   6.8846601781246186E-002
 -0.10334637058510385     
  -5.5648045699670932E-002
  0.16616754852239213     
   2.9374550093332039E-002
 -0.12462566139179411     
   5.1405462663331340E-002
  0.27694591420398690     
 -0.15232025281219297     
   9.7915166977772406E-003
   8.5675771105551704E-002
  0.14687275046666018     
  -2.5963679456623867E-002
  0.75394678572885565     
   5.3658270877022136E-002
  0.10493096126404433     
  0.27881655421588908     
   2.9374550093332039E-002
   9.8661981935170506E-002
   5.1405462663331340E-002
  -9.9960165908000317E-002
   8.8123650279995983E-002
  0.16400790468777027     
   6.7505566587221746E-002
  -7.8323766360814409E-002
  -2.5963679456623867E-002
   6.8846601781246186E-002
   5.3658270877022136E-002
  0.61288774830150028     
  -5.5648045699671030E-002
 -0.10334637058510378     
  0.11871583082596580     
  -3.2978302111556862E-002
 -0.13143538412874789     
   9.9684413200841718E-002
   8.4797022018546983E-002
 -0.10599627752318376     
  -1.4990137323434911E-002
   7.1203152286315380E-002
  0.27881655421588902     
 -0.10334637058510385     
  0.10493096126404433     
  -5.5648045699671030E-002
  0.65633760364788785     
   9.6385242493745540E-002
   8.4797022018546983E-002
  -1.4990137323434946E-002
 -0.10599627752318382     
   7.1203152286315130E-002
  0.11871583082596580     
 -0.13143538412874800     
  -3.2978302111556862E-002
   9.9684413200841648E-002
  0.10493096126404433     
  -5.5648045699670932E-002
  0.27881655421588908     
 -0.10334637058510378     
   9.6385242493745540E-002
  0.65633760364788762     
  0.93998560298662526     
  0.27694591420398679     
   7.8332133582218674E-002
  0.12462566139179382     
  0.27694591420398690     
   8.8123650279995983E-002
  0.31332853432887509     
  -7.8332133582218799E-002
  0.16616754852239213     
   4.1541887130598011E-002
  0.11871583082596580     
  0.16616754852239213     
   2.9374550093332039E-002
   8.4797022018546983E-002
  0.27694591420398679     
  0.75394678572885532     
  0.12462566139179382     
   8.5675771105551135E-002
   9.7915166977773985E-003
   6.7505566587221733E-002
  0.16616754852239213     
  0.15232025281219272     
  0.14687275046666018     
   5.1405462663330931E-002
  -3.2978302111556862E-002
   2.9374550093332039E-002
   9.8661981935170506E-002
  -1.4990137323434911E-002
   7.8332133582218674E-002
  0.12462566139179382     
  0.72457223563552342     
   7.9621950333644997E-002
 -0.15232025281219297     
  0.16400790468777052     
  -7.8332133582218799E-002
  0.13708123376888284     
  0.15232025281219272     
  -7.9621950333646538E-002
 -0.13143538412874800     
 -0.12462566139179411     
   5.1405462663331181E-002
 -0.10599627752318376     
  0.12462566139179382     
   8.5675771105551135E-002
   7.9621950333644997E-002
  0.64318025308524696     
   8.5675771105551690E-002
  -7.8323766360814409E-002
   4.1541887130598011E-002
  -7.9621950333646427E-002
   5.1405462663330855E-002
  0.16217199530693557     
   9.9684413200841510E-002
   5.1405462663331181E-002
  -9.9960165908000748E-002
   7.1203152286315380E-002
  0.27694591420398690     
   9.7915166977773985E-003
 -0.15232025281219297     
   8.5675771105551690E-002
  0.75394678572885565     
   5.3658270877022136E-002
  0.16616754852239213     
 -0.12462566139179411     
   2.9374550093332039E-002
   5.1405462663331181E-002
  0.27881655421588897     
  0.14687275046666018     
  -2.5963679456623808E-002
  0.10493096126404433     
   8.8123650279995983E-002
   6.7505566587221733E-002
  0.16400790468777052     
  -7.8323766360814409E-002
   5.3658270877022136E-002
  0.61288774830149961     
   2.9374550093332039E-002
   5.1405462663331181E-002
   9.8661981935170506E-002
  -9.9960165908000526E-002
 -0.10334637058510390     
  -2.5963679456623808E-002
   6.8846601781246505E-002
  -5.5648045699671030E-002
  0.31332853432887509     
  0.16616754852239213     
  -7.8332133582218799E-002
   4.1541887130598011E-002
  0.16616754852239213     
   2.9374550093332039E-002
  0.93998560298662526     
   7.8332133582218674E-002
  0.27694591420398679     
  0.12462566139179382     
   8.4797022018546983E-002
  0.27694591420398690     
   8.8123650279996121E-002
  0.11871583082596580     
  -7.8332133582218799E-002
  0.15232025281219272     
  0.13708123376888284     
  -7.9621950333646427E-002
 -0.12462566139179411     
   5.1405462663331181E-002
   7.8332133582218674E-002
  0.72457223563552342     
  0.12462566139179382     
   7.9621950333644997E-002
 -0.10599627752318382     
 -0.15232025281219280     
  0.16400790468777068     
 -0.13143538412874789     
  0.16616754852239213     
  0.14687275046666018     
  0.15232025281219272     
   5.1405462663330855E-002
   2.9374550093332039E-002
   9.8661981935170506E-002
  0.27694591420398679     
  0.12462566139179382     
  0.75394678572885532     
   8.5675771105550691E-002
  -1.4990137323434946E-002
   9.7915166977773759E-003
   6.7505566587221927E-002
  -3.2978302111556862E-002
   4.1541887130598011E-002
   5.1405462663330931E-002
  -7.9621950333646538E-002
  0.16217199530693557     
   5.1405462663331181E-002
  -9.9960165908000526E-002
  0.12462566139179382     
   7.9621950333644997E-002
   8.5675771105550691E-002
  0.64318025308524529     
   7.1203152286315130E-002
   8.5675771105551968E-002
  -7.8323766360813937E-002
   9.9684413200841593E-002
  0.11871583082596580     
  -3.2978302111556862E-002
 -0.13143538412874800     
   9.9684413200841510E-002
  0.27881655421588897     
 -0.10334637058510390     
   8.4797022018546983E-002
 -0.10599627752318382     
  -1.4990137323434946E-002
   7.1203152286315130E-002
  0.65633760364788785     
  0.10493096126404433     
  -5.5648045699671030E-002
   9.6385242493745540E-002
  0.16616754852239213     
   2.9374550093332039E-002
 -0.12462566139179411     
   5.1405462663331181E-002
  0.14687275046666018     
  -2.5963679456623808E-002
  0.27694591420398690     
 -0.15232025281219280     
   9.7915166977773759E-003
   8.5675771105551968E-002
  0.10493096126404433     
  0.75394678572885565     
   5.3658270877022136E-002
  0.27881655421588902     
   2.9374550093332039E-002
   9.8661981935170506E-002
   5.1405462663331181E-002
  -9.9960165908000748E-002
  -2.5963679456623808E-002
   6.8846601781246505E-002
   8.8123650279996121E-002
  0.16400790468777068     
   6.7505566587221927E-002
  -7.8323766360813937E-002
  -5.5648045699671030E-002
   5.3658270877022136E-002
  0.61288774830150028     
 -0.10334637058510385     
   8.4797022018546983E-002
  -1.4990137323434911E-002
 -0.10599627752318376     
   7.1203152286315380E-002
  0.10493096126404433     
  -5.5648045699671030E-002
  0.11871583082596580     
 -0.13143538412874789     
  -3.2978302111556862E-002
   9.9684413200841593E-002
   9.6385242493745540E-002
  0.27881655421588902     
 -0.10334637058510385     
  0.65633760364788762     
  0.74415526903107843     
  -9.7915166977772198E-003
  0.27694591420398690     
   9.7915166977773985E-003
   8.8123650279995983E-002
   6.7505566587221733E-002
  0.22047225724822217     
   3.2978302111556689E-002
  0.11749820037332816     
  -8.8123650279996121E-002
   8.4797022018546983E-002
  -1.4990137323434946E-002
  -9.7915166977772198E-003
  0.66827101462330440     
 -0.15232025281219297     
   8.5675771105551690E-002
  0.16400790468777052     
  -7.8323766360814409E-002
 -0.17383389513802144     
  0.17913214101504643     
  -8.8123650279996121E-002
  0.13952911294332743     
 -0.10599627752318382     
   7.1203152286315130E-002
  0.27694591420398690     
 -0.15232025281219297     
  0.86165346940440657     
  0.15232025281219294     
  0.15232025281219294     
  0.13952911294332787     
  0.16788953802247078     
  -1.2719553302782103E-002
  0.27694591420398690     
 -0.15232025281219297     
  0.16788953802247078     
  -1.2719553302782193E-002
   9.7915166977773985E-003
   8.5675771105551690E-002
  0.15232025281219294     
  0.66827101462330440     
  0.13952911294332787     
   7.8323766360816519E-002
  -4.6638362110200990E-002
   6.6706111089284856E-002
   8.8123650279995983E-002
  0.16400790468777027     
  -1.2719553302782193E-002
  0.11467455052427630     
   8.8123650279995983E-002
  0.16400790468777052     
  0.15232025281219294     
  0.13952911294332787     
  0.66827101462330440     
   7.8323766360817407E-002
  -1.2719553302782103E-002
  0.11467455052427651     
   9.7915166977772406E-003
   8.5675771105551704E-002
  -4.6638362110200990E-002
   6.6706111089284828E-002
   6.7505566587221733E-002
  -7.8323766360814409E-002
  0.13952911294332787     
   7.8323766360816519E-002
   7.8323766360817407E-002
  0.62199079898147280     
   6.6706111089284856E-002
  -9.1289294016843603E-002
   6.7505566587221746E-002
  -7.8323766360814409E-002
   6.6706111089284828E-002
  -9.1289294016843978E-002
  0.22047225724822217     
 -0.17383389513802144     
  0.16788953802247078     
  -4.6638362110200990E-002
  -1.2719553302782103E-002
   6.6706111089284856E-002
  0.65358373957663796     
  -3.8945519184935659E-003
   8.4797022018546983E-002
 -0.10599627752318382     
   8.5675771105551857E-002
  -4.5436439049091164E-002
   3.2978302111556689E-002
  0.17913214101504643     
  -1.2719553302782103E-002
   6.6706111089284856E-002
  0.11467455052427651     
  -9.1289294016843603E-002
  -3.8945519184935659E-003
  0.57899992098028730     
  -1.4990137323434946E-002
   7.1203152286315130E-002
  -4.5436439049091164E-002
   7.2288931870310699E-002
  0.11749820037332816     
  -8.8123650279996121E-002
  0.27694591420398690     
   8.8123650279995983E-002
   9.7915166977772406E-003
   6.7505566587221746E-002
   8.4797022018546983E-002
  -1.4990137323434946E-002
  0.74415526903107843     
  -9.7915166977772198E-003
  0.22047225724822225     
   3.2978302111556716E-002
  -8.8123650279996121E-002
  0.13952911294332743     
 -0.15232025281219297     
  0.16400790468777027     
   8.5675771105551704E-002
  -7.8323766360814409E-002
 -0.10599627752318382     
   7.1203152286315130E-002
  -9.7915166977772198E-003
  0.66827101462330440     
 -0.17383389513802144     
  0.17913214101504635     
   8.4797022018546983E-002
 -0.10599627752318382     
  0.16788953802247078     
  -1.2719553302782193E-002
  -4.6638362110200990E-002
   6.6706111089284828E-002
   8.5675771105551857E-002
  -4.5436439049091164E-002
  0.22047225724822225     
 -0.17383389513802144     
  0.65358373957663796     
  -3.8945519184932689E-003
  -1.4990137323434946E-002
   7.1203152286315130E-002
  -1.2719553302782193E-002
  0.11467455052427630     
   6.6706111089284828E-002
  -9.1289294016843978E-002
  -4.5436439049091164E-002
   7.2288931870310699E-002
   3.2978302111556716E-002
  0.17913214101504635     
  -3.8945519184932689E-003
  0.57899992098028819     
  0.74415526903107843     
  -9.7915166977772198E-003
  0.22047225724822214     
   3.2978302111556682E-002
  0.27694591420398690     
   9.7915166977773759E-003
   8.8123650279996121E-002
   6.7505566587221871E-002
  0.11749820037332816     
  -8.8123650279996121E-002
   8.4797022018546983E-002
  -1.4990137323434911E-002
  -9.7915166977772198E-003
  0.66827101462330440     
 -0.17383389513802142     
  0.17913214101504651     
 -0.15232025281219280     
   8.5675771105551884E-002
  0.16400790468777077     
  -7.8323766360814104E-002
  -8.8123650279996121E-002
  0.13952911294332726     
 -0.10599627752318376     
   7.1203152286315380E-002
  0.22047225724822214     
 -0.17383389513802142     
  0.65358373957663796     
  -3.8945519184935659E-003
  0.16788953802247078     
  -4.6638362110200990E-002
  -1.2719553302782103E-002
   6.6706111089284856E-002
   8.4797022018546983E-002
 -0.10599627752318376     
   8.5675771105551857E-002
  -4.5436439049091247E-002
   3.2978302111556682E-002
  0.17913214101504651     
  -3.8945519184935659E-003
  0.57899992098028730     
  -1.2719553302782103E-002
   6.6706111089284856E-002
  0.11467455052427651     
  -9.1289294016843603E-002
  -1.4990137323434911E-002
   7.1203152286315380E-002
  -4.5436439049091247E-002
   7.2288931870310685E-002
  0.27694591420398690     
 -0.15232025281219280     
  0.16788953802247078     
  -1.2719553302782103E-002
  0.86165346940440657     
  0.15232025281219294     
  0.15232025281219294     
  0.13952911294332787     
  0.27694591420398690     
 -0.15232025281219280     
  0.16788953802247078     
  -1.2719553302782103E-002
   9.7915166977773759E-003
   8.5675771105551884E-002
  -4.6638362110200990E-002
   6.6706111089284856E-002
  0.15232025281219294     
  0.66827101462330440     
  0.13952911294332787     
   7.8323766360816519E-002
   8.8123650279996121E-002
  0.16400790468777068     
  -1.2719553302782103E-002
  0.11467455052427665     
   8.8123650279996121E-002
  0.16400790468777077     
  -1.2719553302782103E-002
  0.11467455052427651     
  0.15232025281219294     
  0.13952911294332787     
  0.66827101462330440     
   7.8323766360817407E-002
   9.7915166977773759E-003
   8.5675771105551968E-002
  -4.6638362110200990E-002
   6.6706111089284731E-002
   6.7505566587221871E-002
  -7.8323766360814104E-002
   6.6706111089284856E-002
  -9.1289294016843603E-002
  0.13952911294332787     
   7.8323766360816519E-002
   7.8323766360817407E-002
  0.62199079898147280     
   6.7505566587221927E-002
  -7.8323766360813937E-002
   6.6706111089284731E-002
  -9.1289294016843742E-002
  0.11749820037332816     
  -8.8123650279996121E-002
   8.4797022018546983E-002
  -1.4990137323434911E-002
  0.27694591420398690     
   8.8123650279996121E-002
   9.7915166977773759E-003
   6.7505566587221927E-002
  0.74415526903107843     
  -9.7915166977772198E-003
  0.22047225724822217     
   3.2978302111556661E-002
  -8.8123650279996121E-002
  0.13952911294332726     
 -0.10599627752318376     
   7.1203152286315380E-002
 -0.15232025281219280     
  0.16400790468777068     
   8.5675771105551968E-002
  -7.8323766360813937E-002
  -9.7915166977772198E-003
  0.66827101462330440     
 -0.17383389513802147     
  0.17913214101504635     
   8.4797022018546983E-002
 -0.10599627752318376     
   8.5675771105551857E-002
  -4.5436439049091247E-002
  0.16788953802247078     
  -1.2719553302782103E-002
  -4.6638362110200990E-002
   6.6706111089284731E-002
  0.22047225724822217     
 -0.17383389513802147     
  0.65358373957663796     
  -3.8945519184932689E-003
  -1.4990137323434911E-002
   7.1203152286315380E-002
  -4.5436439049091247E-002
   7.2288931870310685E-002
  -1.2719553302782103E-002
  0.11467455052427665     
   6.6706111089284731E-002
  -9.1289294016843742E-002
   3.2978302111556661E-002
  0.17913214101504635     
  -3.8945519184932689E-003
  0.57899992098028819     
  0.61686555195997284     
  -3.6718187616665121E-002
  0.22047225724822214     
   3.2978302111556682E-002
  0.11871583082596580     
  -3.2978302111556862E-002
   4.8957583488886729E-002
  -6.1196979361108454E-002
  -3.6718187616665121E-002
  0.62237328010247250     
 -0.17383389513802142     
  0.17913214101504651     
 -0.13143538412874800     
   9.9684413200841510E-002
  -6.1196979361108454E-002
  0.11933410975416096     
  0.22047225724822214     
 -0.17383389513802142     
  0.75394678572885565     
   5.3658270877022136E-002
  0.30353701763109786     
  -5.3658270877022324E-002
  0.11871583082596580     
 -0.13143538412874800     
   3.2978302111556682E-002
  0.17913214101504651     
   5.3658270877022136E-002
  0.61288774830149961     
  -5.3658270877022490E-002
  0.10311691022346724     
  -3.2978302111556862E-002
   9.9684413200841648E-002
  0.11871583082596580     
 -0.13143538412874800     
  0.30353701763109786     
  -5.3658270877022490E-002
  0.75394678572885565     
   5.3658270877022136E-002
  0.22047225724822225     
 -0.17383389513802144     
  -3.2978302111556862E-002
   9.9684413200841510E-002
  -5.3658270877022324E-002
  0.10311691022346724     
   5.3658270877022136E-002
  0.61288774830150028     
   3.2978302111556716E-002
  0.17913214101504635     
   4.8957583488886729E-002
  -6.1196979361108454E-002
  0.11871583082596580     
  -3.2978302111556862E-002
  0.22047225724822225     
   3.2978302111556716E-002
  0.61686555195997284     
  -3.6718187616665121E-002
  -6.1196979361108454E-002
  0.11933410975416096     
 -0.13143538412874800     
   9.9684413200841648E-002
 -0.17383389513802144     
  0.17913214101504635     
  -3.6718187616665121E-002
  0.62237328010247206     
  0.61686555195997284     
  -3.6718187616665121E-002
  0.22047225724822217     
   3.2978302111556689E-002
  0.11871583082596580     
  -3.2978302111556862E-002
   4.8957583488886729E-002
  -6.1196979361108426E-002
  -3.6718187616665121E-002
  0.62237328010247250     
 -0.17383389513802144     
  0.17913214101504643     
 -0.13143538412874789     
   9.9684413200841718E-002
  -6.1196979361108426E-002
  0.11933410975416114     
  0.22047225724822217     
 -0.17383389513802144     
  0.75394678572885565     
   5.3658270877022136E-002
  0.30353701763109775     
  -5.3658270877022539E-002
  0.11871583082596580     
 -0.13143538412874789     
   3.2978302111556689E-002
  0.17913214101504643     
   5.3658270877022136E-002
  0.61288774830149961     
  -5.3658270877022601E-002
  0.10311691022346701     
  -3.2978302111556862E-002
   9.9684413200841593E-002
  0.11871583082596580     
 -0.13143538412874789     
  0.30353701763109775     
  -5.3658270877022601E-002
  0.75394678572885565     
   5.3658270877022136E-002
  0.22047225724822217     
 -0.17383389513802147     
  -3.2978302111556862E-002
   9.9684413200841718E-002
  -5.3658270877022539E-002
  0.10311691022346701     
   5.3658270877022136E-002
  0.61288774830150028     
   3.2978302111556661E-002
  0.17913214101504635     
   4.8957583488886729E-002
  -6.1196979361108426E-002
  0.11871583082596580     
  -3.2978302111556862E-002
  0.22047225724822217     
   3.2978302111556661E-002
  0.61686555195997284     
  -3.6718187616665121E-002
  -6.1196979361108426E-002
  0.11933410975416114     
 -0.13143538412874789     
   9.9684413200841593E-002
 -0.17383389513802147     
  0.17913214101504635     
  -3.6718187616665121E-002
  0.62237328010247206     
  0.65358373957663796     
  -3.8945519184935659E-003
  0.27881655421588897     
  0.14442487129221596     
  -7.6592854397039889E-002
  -3.8945519184935659E-003
  0.57899992098028730     
 -0.10334637058510390     
  -7.6592854397039958E-002
  0.10717121010614193     
  0.27881655421588897     
 -0.10334637058510390     
  0.71600465852496864     
  0.27881655421588908     
 -0.10334637058510378     
  0.14442487129221596     
  -7.6592854397039958E-002
  0.27881655421588908     
  0.65358373957663796     
  -3.8945519184932689E-003
  -7.6592854397039889E-002
  0.10717121010614193     
 -0.10334637058510378     
  -3.8945519184932689E-003
  0.57899992098028819     
  0.65358373957663796     
  -3.8945519184935659E-003
  0.27881655421588902     
  0.14442487129221590     
  -7.6592854397040014E-002
  -3.8945519184935659E-003
  0.57899992098028730     
 -0.10334637058510385     
  -7.6592854397039931E-002
  0.10717121010614171     
  0.27881655421588902     
 -0.10334637058510385     
  0.71600465852496864     
  0.27881655421588902     
 -0.10334637058510385     
  0.14442487129221590     
  -7.6592854397039931E-002
  0.27881655421588902     
  0.65358373957663796     
  -3.8945519184932689E-003
  -7.6592854397040014E-002
  0.10717121010614171     
 -0.10334637058510385     
  -3.8945519184932689E-003
  0.57899992098028819     
  0.65633760364788785     
  0.28731981810040391     
  0.28731981810040391     
  0.65633760364788762     
  0.65633760364788785     
  0.28731981810040391     
  0.28731981810040391     
  0.65633760364788762     
  0.63239428547285437     
  0.63239428547285437     
  0.62665706865775028     
   8.3266726846886741E-017
  0.11077836568159480     
 -0.11077836568159444     
   5.2041704279304213E-016
   0.0000000000000000     
  -2.7755575615628914E-017
   8.3266726846886741E-017
  0.62665706865775028     
  0.11077836568159491     
  0.11077836568159491     
   5.8749100186664682E-002
  0.15666426716443768     
   5.8749100186664099E-002
  0.11077836568159480     
  0.11077836568159491     
  0.58749100186664127     
   4.4408920985006262E-016
   7.9621950333646954E-002
  -2.7694591420398516E-002
  -3.1156415347948642E-002
 -0.11077836568159444     
  0.11077836568159491     
   4.4408920985006262E-016
  0.58749100186664127     
   7.9621950333647468E-002
  -2.7694591420398682E-002
  -3.1156415347948711E-002
   5.2041704279304213E-016
   5.8749100186664682E-002
   7.9621950333646954E-002
   7.9621950333647468E-002
  0.46570901293803812     
   3.4270308442220732E-002
   3.4882278235831246E-002
   0.0000000000000000     
  0.15666426716443768     
  -2.7694591420398516E-002
  -2.7694591420398682E-002
   3.4270308442220732E-002
  0.58749100186664083     
  0.19093457560665839     
  -2.7755575615628914E-017
   5.8749100186664099E-002
  -3.1156415347948642E-002
  -3.1156415347948711E-002
   3.4882278235831246E-002
  0.19093457560665839     
  0.54404114652025337     
  0.62665706865775017     
  0.11077836568159460     
  0.15666426716443738     
   8.3083774261195537E-002
  0.11077836568159477     
   5.8749100186664086E-002
   3.3918808807418821E-002
  0.11077836568159460     
  0.60707403526219494     
  -2.7694591420398984E-002
   3.4270308442219795E-002
  -1.9583033395554665E-002
  -3.1156415347948635E-002
  -1.7988164788121916E-002
  0.15666426716443738     
  -2.7694591420398984E-002
  0.58749100186664027     
  0.15924390066729086     
  -2.7694591420398693E-002
  0.11260244202443942     
  -2.5439106605564074E-002
   8.3083774261195537E-002
   3.4270308442219795E-002
  0.15924390066729086     
  0.48100825777831002     
   3.4270308442220544E-002
   2.1636399547186214E-002
   2.8481260914526588E-002
  0.11077836568159477     
  -1.9583033395554665E-002
  -2.7694591420398693E-002
   3.4270308442220544E-002
  0.60707403526219550     
   7.9621950333645997E-002
  0.17388559295184469     
   5.8749100186664086E-002
  -3.1156415347948635E-002
  0.11260244202443942     
   2.1636399547186214E-002
   7.9621950333645997E-002
  0.54404114652025348     
  -4.7698324885432915E-002
   3.3918808807418821E-002
  -1.7988164788121916E-002
  -2.5439106605564074E-002
   2.8481260914526588E-002
  0.17388559295184469     
  -4.7698324885432915E-002
  0.55995236115414226     
  0.62665706865775017     
  0.11077836568159466     
  0.15666426716443749     
   8.3083774261195814E-002
  0.11077836568159477     
   5.8749100186663947E-002
   3.3918808807418821E-002
  0.11077836568159466     
  0.60707403526219517     
  -2.7694591420398901E-002
   3.4270308442220204E-002
  -1.9583033395554641E-002
  -3.1156415347948774E-002
  -1.7988164788121951E-002
  0.15666426716443749     
  -2.7694591420398901E-002
  0.58749100186664061     
  0.15924390066729155     
  -2.7694591420398859E-002
  0.11260244202443934     
  -2.5439106605564241E-002
   8.3083774261195814E-002
   3.4270308442220204E-002
  0.15924390066729155     
  0.48100825777831135     
   3.4270308442220510E-002
   2.1636399547186339E-002
   2.8481260914526130E-002
  0.11077836568159477     
  -1.9583033395554641E-002
  -2.7694591420398859E-002
   3.4270308442220510E-002
  0.60707403526219550     
   7.9621950333645941E-002
  0.17388559295184464     
   5.8749100186663947E-002
  -3.1156415347948774E-002
  0.11260244202443934     
   2.1636399547186339E-002
   7.9621950333645941E-002
  0.54404114652025315     
  -4.7698324885432873E-002
   3.3918808807418821E-002
  -1.7988164788121951E-002
  -2.5439106605564241E-002
   2.8481260914526130E-002
  0.17388559295184464     
  -4.7698324885432873E-002
  0.55995236115414226     
  0.62665706865775028     
   7.8332133582218896E-002
  -7.8332133582218577E-002
  0.13567523522967517     
   4.7968439434991635E-002
   7.8332133582218896E-002
  0.52874190167997703     
  -7.8332133582218827E-002
  -6.7837617614837628E-002
  0.10792898872873130     
  -7.8332133582218577E-002
  -7.8332133582218827E-002
  0.52874190167997659     
  -3.3918808807418793E-002
  -4.7968439434991447E-002
  0.13567523522967517     
  -6.7837617614837628E-002
  -3.3918808807418793E-002
  0.56790796847108616     
   4.1541887130597595E-002
   4.7968439434991635E-002
  0.10792898872873130     
  -4.7968439434991447E-002
   4.1541887130597595E-002
  0.50671098910997658     
  0.62665706865775028     
   7.8332133582218896E-002
  0.13567523522967517     
   4.7968439434991593E-002
  -7.8332133582218744E-002
   7.8332133582218896E-002
  0.52874190167997714     
  -6.7837617614837656E-002
  0.10792898872873113     
  -7.8332133582218882E-002
  0.13567523522967517     
  -6.7837617614837656E-002
  0.56790796847108616     
   4.1541887130597678E-002
  -3.3918808807418890E-002
   4.7968439434991593E-002
  0.10792898872873113     
   4.1541887130597678E-002
  0.50671098910997658     
  -4.7968439434991655E-002
  -7.8332133582218744E-002
  -7.8332133582218882E-002
  -3.3918808807418890E-002
  -4.7968439434991655E-002
  0.52874190167997659     
  0.56790796847108616     
   2.4478791744443333E-002
  0.10175642642225634     
   6.5956604223113544E-002
   2.4478791744443333E-002
  0.50303917034831158     
  -4.2398511009273415E-002
   7.9447727814205005E-002
  0.10175642642225634     
  -4.2398511009273415E-002
  0.45040976809775779     
  0.10731654175404445     
   6.5956604223113544E-002
   7.9447727814205005E-002
  0.10731654175404445     
  0.50977083807803236     
  0.56790796847108616     
   2.4478791744443305E-002
  0.10175642642225637     
   6.5956604223113557E-002
   2.4478791744443305E-002
  0.50303917034831136     
  -4.2398511009273554E-002
   7.9447727814204713E-002
  0.10175642642225637     
  -4.2398511009273554E-002
  0.45040976809775790     
  0.10731654175404468     
   6.5956604223113557E-002
   7.9447727814204713E-002
  0.10731654175404468     
  0.50977083807803258     
  0.50915886828442203     
   7.2698302478546320E-002
   7.2698302478546320E-002
  0.47182871087414535     
  0.50915886828442203     
   7.2698302478546445E-002
   7.2698302478546445E-002
  0.47182871087414557     
  0.36901778554748393     
  0.36901778554748393     
  0.62665706865775028     
   8.3266726846886741E-017
  0.11077836568159480     
 -0.11077836568159444     
   5.2041704279304213E-016
   0.0000000000000000     
  -2.7755575615628914E-017
   8.3266726846886741E-017
  0.62665706865775028     
  0.11077836568159491     
  0.11077836568159491     
   5.8749100186664682E-002
  0.15666426716443768     
   5.8749100186664099E-002
  0.11077836568159480     
  0.11077836568159491     
  0.58749100186664127     
   4.4408920985006262E-016
   7.9621950333646954E-002
  -2.7694591420398516E-002
  -3.1156415347948642E-002
 -0.11077836568159444     
  0.11077836568159491     
   4.4408920985006262E-016
  0.58749100186664127     
   7.9621950333647468E-002
  -2.7694591420398682E-002
  -3.1156415347948711E-002
   5.2041704279304213E-016
   5.8749100186664682E-002
   7.9621950333646954E-002
   7.9621950333647468E-002
  0.46570901293803812     
   3.4270308442220732E-002
   3.4882278235831246E-002
   0.0000000000000000     
  0.15666426716443768     
  -2.7694591420398516E-002
  -2.7694591420398682E-002
   3.4270308442220732E-002
  0.58749100186664083     
  0.19093457560665839     
  -2.7755575615628914E-017
   5.8749100186664099E-002
  -3.1156415347948642E-002
  -3.1156415347948711E-002
   3.4882278235831246E-002
  0.19093457560665839     
  0.54404114652025337     
  0.62665706865775017     
  0.11077836568159460     
  0.15666426716443738     
   8.3083774261195537E-002
  0.11077836568159477     
   5.8749100186664086E-002
   3.3918808807418821E-002
  0.11077836568159460     
  0.60707403526219494     
  -2.7694591420398984E-002
   3.4270308442219795E-002
  -1.9583033395554665E-002
  -3.1156415347948635E-002
  -1.7988164788121916E-002
  0.15666426716443738     
  -2.7694591420398984E-002
  0.58749100186664027     
  0.15924390066729086     
  -2.7694591420398693E-002
  0.11260244202443942     
  -2.5439106605564074E-002
   8.3083774261195537E-002
   3.4270308442219795E-002
  0.15924390066729086     
  0.48100825777831002     
   3.4270308442220544E-002
   2.1636399547186214E-002
   2.8481260914526588E-002
  0.11077836568159477     
  -1.9583033395554665E-002
  -2.7694591420398693E-002
   3.4270308442220544E-002
  0.60707403526219550     
   7.9621950333645997E-002
  0.17388559295184469     
   5.8749100186664086E-002
  -3.1156415347948635E-002
  0.11260244202443942     
   2.1636399547186214E-002
   7.9621950333645997E-002
  0.54404114652025348     
  -4.7698324885432915E-002
   3.3918808807418821E-002
  -1.7988164788121916E-002
  -2.5439106605564074E-002
   2.8481260914526588E-002
  0.17388559295184469     
  -4.7698324885432915E-002
  0.55995236115414226     
  0.62665706865775017     
  0.11077836568159466     
  0.15666426716443749     
   8.3083774261195814E-002
  0.11077836568159477     
   5.8749100186663947E-002
   3.3918808807418821E-002
  0.11077836568159466     
  0.60707403526219517     
  -2.7694591420398901E-002
   3.4270308442220204E-002
  -1.9583033395554641E-002
  -3.1156415347948774E-002
  -1.7988164788121951E-002
  0.15666426716443749     
  -2.7694591420398901E-002
  0.58749100186664061     
  0.15924390066729155     
  -2.7694591420398859E-002
  0.11260244202443934     
  -2.5439106605564241E-002
   8.3083774261195814E-002
   3.4270308442220204E-002
  0.15924390066729155     
  0.48100825777831135     
   3.4270308442220510E-002
   2.1636399547186339E-002
   2.8481260914526130E-002
  0.11077836568159477     
  -1.9583033395554641E-002
  -2.7694591420398859E-002
   3.4270308442220510E-002
  0.60707403526219550     
   7.9621950333645941E-002
  0.17388559295184464     
   5.8749100186663947E-002
  -3.1156415347948774E-002
  0.11260244202443934     
   2.1636399547186339E-002
   7.9621950333645941E-002
  0.54404114652025315     
  -4.7698324885432873E-002
   3.3918808807418821E-002
  -1.7988164788121951E-002
  -2.5439106605564241E-002
   2.8481260914526130E-002
  0.17388559295184464     
  -4.7698324885432873E-002
  0.55995236115414226     
  0.62665706865775028     
   7.8332133582218896E-002
  -7.8332133582218577E-002
  0.13567523522967517     
   4.7968439434991635E-002
   7.8332133582218896E-002
  0.52874190167997703     
  -7.8332133582218827E-002
  -6.7837617614837628E-002
  0.10792898872873130     
  -7.8332133582218577E-002
  -7.8332133582218827E-002
  0.52874190167997659     
  -3.3918808807418793E-002
  -4.7968439434991447E-002
  0.13567523522967517     
  -6.7837617614837628E-002
  -3.3918808807418793E-002
  0.56790796847108616     
   4.1541887130597595E-002
   4.7968439434991635E-002
  0.10792898872873130     
  -4.7968439434991447E-002
   4.1541887130597595E-002
  0.50671098910997658     
  0.62665706865775028     
   7.8332133582218896E-002
  0.13567523522967517     
   4.7968439434991593E-002
  -7.8332133582218744E-002
   7.8332133582218896E-002
  0.52874190167997714     
  -6.7837617614837656E-002
  0.10792898872873113     
  -7.8332133582218882E-002
  0.13567523522967517     
  -6.7837617614837656E-002
  0.56790796847108616     
   4.1541887130597678E-002
  -3.3918808807418890E-002
   4.7968439434991593E-002
  0.10792898872873113     
   4.1541887130597678E-002
  0.50671098910997658     
  -4.7968439434991655E-002
  -7.8332133582218744E-002
  -7.8332133582218882E-002
  -3.3918808807418890E-002
  -4.7968439434991655E-002
  0.52874190167997659     
  0.56790796847108616     
   2.4478791744443333E-002
  0.10175642642225634     
   6.5956604223113544E-002
   2.4478791744443333E-002
  0.50303917034831158     
  -4.2398511009273415E-002
   7.9447727814205005E-002
  0.10175642642225634     
  -4.2398511009273415E-002
  0.45040976809775779     
  0.10731654175404445     
   6.5956604223113544E-002
   7.9447727814205005E-002
  0.10731654175404445     
  0.50977083807803236     
  0.56790796847108616     
   2.4478791744443305E-002
  0.10175642642225637     
   6.5956604223113557E-002
   2.4478791744443305E-002
  0.50303917034831136     
  -4.2398511009273554E-002
   7.9447727814204713E-002
  0.10175642642225637     
  -4.2398511009273554E-002
  0.45040976809775790     
  0.10731654175404468     
   6.5956604223113557E-002
   7.9447727814204713E-002
  0.10731654175404468     
  0.50977083807803258     
  0.50915886828442203     
   7.2698302478546320E-002
   7.2698302478546320E-002
  0.47182871087414535     
  0.50915886828442203     
   7.2698302478546445E-002
   7.2698302478546445E-002
  0.47182871087414557     
  0.36901778554748393     
  0.36901778554748393     
