  0.66319150439565433     
  0.16579787609891358     
  0.16579787609891358     
  0.12434840707418524     
  0.16579787609891358     
   8.7927601871901614E-002
   8.7927601871901614E-002
   7.7717754421365845E-002
  0.16579787609891358     
   8.7927601871901587E-002
   8.7927601871901587E-002
   7.7717754421365734E-002
   6.2174203537092590E-002
   6.2174203537092590E-002
   2.5905918140455245E-002
   2.5905918140455245E-002
  0.16579787609891358     
  0.45594415927201243     
  0.12434840707418524     
   7.2536570793274968E-002
  -4.1449469024728368E-002
   8.0600301715909803E-002
   2.1981900467975529E-002
   2.7201214047478210E-002
  -4.1449469024728409E-002
   8.0600301715909761E-002
   2.1981900467975386E-002
   2.7201214047477936E-002
  -4.6630652652819446E-002
  -4.6630652652819446E-002
  -3.2382397675569073E-002
  -3.2382397675569059E-002
  0.16579787609891358     
  0.12434840707418524     
  0.45594415927201243     
   7.2536570793274968E-002
  -4.1449469024728368E-002
   2.1981900467975529E-002
   8.0600301715909914E-002
   2.7201214047478203E-002
  -4.1449469024728409E-002
   2.1981900467975386E-002
   8.0600301715909761E-002
   2.7201214047477894E-002
  -4.6630652652819446E-002
  -4.6630652652819446E-002
  -3.2382397675569073E-002
  -3.2382397675569059E-002
  0.12434840707418524     
   7.2536570793274968E-002
   7.2536570793274968E-002
  0.39636054754896621     
   7.2536570793274857E-002
  -4.2131975896952646E-002
  -4.2131975896952653E-002
   8.5813353840257789E-002
   7.2536570793274691E-002
  -4.2131975896952951E-002
  -4.2131975896953007E-002
   8.5813353840257206E-002
   7.3831866700297580E-002
   7.3831866700297497E-002
   6.3145675467359427E-002
   6.3145675467359524E-002
  0.16579787609891358     
  -4.1449469024728368E-002
  -4.1449469024728368E-002
   7.2536570793274857E-002
  0.45594415927201237     
   8.0600301715909872E-002
   8.0600301715909872E-002
   7.3831866700297816E-002
  0.12434840707418518     
   2.1981900467975400E-002
   2.1981900467975400E-002
   4.2744764931751202E-002
  0.16061669247082258     
   7.7717754421365734E-002
   7.6422458514343025E-002
   4.5335356745796723E-002
   8.7927601871901614E-002
   8.0600301715909803E-002
   2.1981900467975529E-002
  -4.2131975896952646E-002
   8.0600301715909872E-002
  0.35361578261721438     
   7.3831866700297816E-002
   4.1445041507329396E-002
   2.1981900467975400E-002
   7.3831866700297580E-002
   4.2744764931751202E-002
  -6.8693438962383585E-004
  -2.8393288104468152E-002
  -1.3738687792484643E-002
  -4.0529128987829517E-002
  -2.4042703636847906E-002
   8.7927601871901614E-002
   2.1981900467975529E-002
   8.0600301715909914E-002
  -4.2131975896952653E-002
   8.0600301715909872E-002
   7.3831866700297816E-002
  0.35361578261721438     
   4.1445041507329868E-002
   2.1981900467975400E-002
   4.2744764931751202E-002
   7.3831866700297580E-002
  -6.8693438962363527E-004
  -2.8393288104468239E-002
  -1.3738687792484643E-002
  -4.0529128987829552E-002
  -2.4042703636847906E-002
   7.7717754421365845E-002
   2.7201214047478210E-002
   2.7201214047478203E-002
   8.5813353840257789E-002
   7.3831866700297816E-002
   4.1445041507329396E-002
   4.1445041507329868E-002
  0.32912659437506880     
   4.2744764931751202E-002
  -6.8693438962375280E-004
  -6.8693438962363527E-004
   8.2696548063986616E-002
   5.4564340083333628E-002
   3.6430197385014948E-002
   5.6709673929340738E-002
   3.8251707254266673E-002
  0.16579787609891358     
  -4.1449469024728409E-002
  -4.1449469024728409E-002
   7.2536570793274691E-002
  0.12434840707418518     
   2.1981900467975400E-002
   2.1981900467975400E-002
   4.2744764931751202E-002
  0.45594415927201237     
   8.0600301715909872E-002
   8.0600301715909872E-002
   7.3831866700297816E-002
   7.7717754421365734E-002
  0.16061669247082253     
   4.5335356745796723E-002
   7.6422458514342997E-002
   8.7927601871901587E-002
   8.0600301715909761E-002
   2.1981900467975386E-002
  -4.2131975896952951E-002
   2.1981900467975400E-002
   7.3831866700297580E-002
   4.2744764931751202E-002
  -6.8693438962375280E-004
   8.0600301715909872E-002
  0.35361578261721438     
   7.3831866700297816E-002
   4.1445041507329396E-002
  -1.3738687792484676E-002
  -2.8393288104468270E-002
  -2.4042703636847861E-002
  -4.0529128987829587E-002
   8.7927601871901587E-002
   2.1981900467975386E-002
   8.0600301715909761E-002
  -4.2131975896953007E-002
   2.1981900467975400E-002
   4.2744764931751202E-002
   7.3831866700297580E-002
  -6.8693438962363527E-004
   8.0600301715909872E-002
   7.3831866700297816E-002
  0.35361578261721438     
   4.1445041507329868E-002
  -1.3738687792484676E-002
  -2.8393288104468298E-002
  -2.4042703636847861E-002
  -4.0529128987829538E-002
   7.7717754421365734E-002
   2.7201214047477936E-002
   2.7201214047477894E-002
   8.5813353840257206E-002
   4.2744764931751202E-002
  -6.8693438962383585E-004
  -6.8693438962363527E-004
   8.2696548063986616E-002
   7.3831866700297816E-002
   4.1445041507329396E-002
   4.1445041507329868E-002
  0.32912659437506880     
   3.6430197385014775E-002
   5.4564340083333510E-002
   3.8251707254266680E-002
   5.6709673929340627E-002
   6.2174203537092590E-002
  -4.6630652652819446E-002
  -4.6630652652819446E-002
   7.3831866700297580E-002
  0.16061669247082258     
  -2.8393288104468152E-002
  -2.8393288104468239E-002
   5.4564340083333628E-002
   7.7717754421365734E-002
  -1.3738687792484676E-002
  -1.3738687792484676E-002
   3.6430197385014775E-002
  0.37887405280415809     
   6.8003035118695085E-002
  0.15203535708679666     
   5.1002276339021158E-002
   6.2174203537092590E-002
  -4.6630652652819446E-002
  -4.6630652652819446E-002
   7.3831866700297497E-002
   7.7717754421365734E-002
  -1.3738687792484643E-002
  -1.3738687792484643E-002
   3.6430197385014948E-002
  0.16061669247082253     
  -2.8393288104468270E-002
  -2.8393288104468298E-002
   5.4564340083333510E-002
   6.8003035118695085E-002
  0.37887405280415809     
   5.1002276339021158E-002
  0.15203535708679666     
   2.5905918140455245E-002
  -3.2382397675569073E-002
  -3.2382397675569073E-002
   6.3145675467359427E-002
   7.6422458514343025E-002
  -4.0529128987829517E-002
  -4.0529128987829552E-002
   5.6709673929340738E-002
   4.5335356745796723E-002
  -2.4042703636847861E-002
  -2.4042703636847861E-002
   3.8251707254266680E-002
  0.15203535708679666     
   5.1002276339021158E-002
  0.33463160197991187     
   4.6752086644103227E-002
   2.5905918140455245E-002
  -3.2382397675569059E-002
  -3.2382397675569059E-002
   6.3145675467359524E-002
   4.5335356745796723E-002
  -2.4042703636847906E-002
  -2.4042703636847906E-002
   3.8251707254266673E-002
   7.6422458514342997E-002
  -4.0529128987829587E-002
  -4.0529128987829538E-002
   5.6709673929340627E-002
   5.1002276339021158E-002
  0.15203535708679666     
   4.6752086644103227E-002
  0.33463160197991187     
  0.49739362829674072     
  0.14654600311983593     
   4.1449469024728340E-002
   6.5945701403926041E-002
  0.16579787609891358     
  -4.1449469024728368E-002
   8.7927601871901614E-002
   2.1981900467975529E-002
  0.14654600311983601     
   4.6630652652819446E-002
   8.7927601871901601E-002
   1.5543550884273147E-002
   6.2818513010384228E-002
   4.4870366435988733E-002
  0.14654600311983593     
  0.39895113936301058     
   6.5945701403926041E-002
   4.5335356745796342E-002
   8.7927601871901614E-002
   8.0600301715909803E-002
   7.7717754421365845E-002
   2.7201214047478151E-002
   5.1811836280910651E-003
   3.5720588260460061E-002
   1.5543550884273147E-002
   5.2207013611441665E-002
  -1.7450477209667144E-002
  -7.9320350953032536E-003
   4.1449469024728340E-002
   6.5945701403926041E-002
  0.38340758847873752     
   4.2131975896952195E-002
  -4.1449469024728368E-002
   7.2536570793274857E-002
   8.0600301715909914E-002
  -4.2131975896952653E-002
  -8.0600301715909803E-002
   8.6784825770525181E-002
  -6.5945701403926207E-002
   2.7201214047478151E-002
  -6.9549067975782572E-002
  -5.6087958044985953E-002
   6.5945701403926041E-002
   4.5335356745796342E-002
   4.2131975896952195E-002
  0.34033899957022951     
   2.1981900467975529E-002
  -4.2131975896952646E-002
   2.7201214047478203E-002
   8.5813353840257789E-002
   4.5335356745796737E-002
  -4.1445041507328119E-002
   2.7201214047478151E-002
  -5.2893948001065172E-002
   5.2748033383766275E-002
   3.7677166702689988E-002
  0.16579787609891358     
   8.7927601871901614E-002
  -4.1449469024728368E-002
   2.1981900467975529E-002
  0.49739362829674072     
   4.1449469024728340E-002
  0.14654600311983593     
   6.5945701403926041E-002
   8.7927601871901601E-002
   1.5543550884273147E-002
  0.14654600311983598     
   4.6630652652819370E-002
   4.4870366435988733E-002
   6.2818513010384228E-002
  -4.1449469024728368E-002
   8.0600301715909803E-002
   7.2536570793274857E-002
  -4.2131975896952646E-002
   4.1449469024728340E-002
  0.38340758847873752     
   6.5945701403926041E-002
   4.2131975896952195E-002
  -6.5945701403926207E-002
   2.7201214047478068E-002
  -8.0600301715909900E-002
   8.6784825770524918E-002
  -5.6087958044985925E-002
  -6.9549067975782614E-002
   8.7927601871901614E-002
   7.7717754421365845E-002
   8.0600301715909914E-002
   2.7201214047478203E-002
  0.14654600311983593     
   6.5945701403926041E-002
  0.39895113936301058     
   4.5335356745796106E-002
   1.5543550884273147E-002
   5.2207013611441665E-002
   5.1811836280909931E-003
   3.5720588260459991E-002
  -7.9320350953032345E-003
  -1.7450477209667144E-002
   2.1981900467975529E-002
   2.7201214047478151E-002
  -4.2131975896952653E-002
   8.5813353840257789E-002
   6.5945701403926041E-002
   4.2131975896952195E-002
   4.5335356745796106E-002
  0.34033899957022862     
   2.7201214047478068E-002
  -5.2893948001065276E-002
   4.5335356745796640E-002
  -4.1445041507328285E-002
   3.7677166702690126E-002
   5.2748033383766241E-002
  0.14654600311983601     
   5.1811836280910651E-003
  -8.0600301715909803E-002
   4.5335356745796737E-002
   8.7927601871901601E-002
  -6.5945701403926207E-002
   1.5543550884273147E-002
   2.7201214047478068E-002
  0.39895113936301080     
   2.8393288104468051E-002
   7.7717754421365734E-002
  -1.3738687792484676E-002
  0.14753585277263997     
   5.5524245667122614E-002
   4.6630652652819446E-002
   3.5720588260460061E-002
   8.6784825770525181E-002
  -4.1445041507328119E-002
   1.5543550884273147E-002
   2.7201214047478068E-002
   5.2207013611441665E-002
  -5.2893948001065276E-002
   2.8393288104468051E-002
  0.32430971272082348     
  -1.3738687792484676E-002
   3.6430197385014775E-002
  -5.4685759093861107E-002
  -2.9446177973617326E-002
   8.7927601871901601E-002
   1.5543550884273147E-002
  -6.5945701403926207E-002
   2.7201214047478151E-002
  0.14654600311983598     
  -8.0600301715909900E-002
   5.1811836280909931E-003
   4.5335356745796640E-002
   7.7717754421365734E-002
  -1.3738687792484676E-002
  0.39895113936301080     
   2.8393288104468051E-002
   5.5524245667122614E-002
  0.14753585277264003     
   1.5543550884273147E-002
   5.2207013611441665E-002
   2.7201214047478151E-002
  -5.2893948001065172E-002
   4.6630652652819370E-002
   8.6784825770524918E-002
   3.5720588260459991E-002
  -4.1445041507328285E-002
  -1.3738687792484676E-002
   3.6430197385014775E-002
   2.8393288104468051E-002
  0.32430971272082387     
  -2.9446177973617378E-002
  -5.4685759093861072E-002
   6.2818513010384228E-002
  -1.7450477209667144E-002
  -6.9549067975782572E-002
   5.2748033383766275E-002
   4.4870366435988733E-002
  -5.6087958044985925E-002
  -7.9320350953032345E-003
   3.7677166702690126E-002
  0.14753585277263997     
  -5.4685759093861107E-002
   5.5524245667122614E-002
  -2.9446177973617378E-002
  0.34730121507047818     
   5.1002276339021158E-002
   4.4870366435988733E-002
  -7.9320350953032536E-003
  -5.6087958044985953E-002
   3.7677166702689988E-002
   6.2818513010384228E-002
  -6.9549067975782614E-002
  -1.7450477209667144E-002
   5.2748033383766241E-002
   5.5524245667122614E-002
  -2.9446177973617326E-002
  0.14753585277264003     
  -5.4685759093861072E-002
   5.1002276339021158E-002
  0.34730121507047812     
  0.49739362829674072     
  0.14654600311983593     
   4.1449469024728340E-002
   6.5945701403926041E-002
  0.14654600311983598     
   4.6630652652819370E-002
  0.16579787609891358     
  -4.1449469024728409E-002
   8.7927601871901587E-002
   2.1981900467975386E-002
   6.2818513010384228E-002
   8.7927601871901601E-002
   1.5543550884273147E-002
   4.4870366435988733E-002
  0.14654600311983593     
  0.39895113936301058     
   6.5945701403926041E-002
   4.5335356745796342E-002
   5.1811836280910763E-003
   3.5720588260459984E-002
   8.7927601871901587E-002
   8.0600301715909761E-002
   7.7717754421365734E-002
   2.7201214047477936E-002
  -1.7450477209667144E-002
   1.5543550884273147E-002
   5.2207013611441665E-002
  -7.9320350953032345E-003
   4.1449469024728340E-002
   6.5945701403926041E-002
  0.38340758847873752     
   4.2131975896952195E-002
  -8.0600301715909900E-002
   8.6784825770525056E-002
  -4.1449469024728409E-002
   7.2536570793274691E-002
   8.0600301715909761E-002
  -4.2131975896953007E-002
  -6.9549067975782614E-002
  -6.5945701403926207E-002
   2.7201214047478068E-002
  -5.6087958044985925E-002
   6.5945701403926041E-002
   4.5335356745796342E-002
   4.2131975896952195E-002
  0.34033899957022951     
   4.5335356745796633E-002
  -4.1445041507328285E-002
   2.1981900467975386E-002
  -4.2131975896952951E-002
   2.7201214047477894E-002
   8.5813353840257095E-002
   5.2748033383766164E-002
   2.7201214047478068E-002
  -5.2893948001065394E-002
   3.7677166702690126E-002
  0.14654600311983598     
   5.1811836280910763E-003
  -8.0600301715909900E-002
   4.5335356745796633E-002
  0.39895113936301080     
   2.8393288104468051E-002
   8.7927601871901601E-002
  -6.5945701403926207E-002
   1.5543550884273147E-002
   2.7201214047478068E-002
  0.14753585277263995     
   7.7717754421365734E-002
  -1.3738687792484643E-002
   5.5524245667122614E-002
   4.6630652652819370E-002
   3.5720588260459984E-002
   8.6784825770525056E-002
  -4.1445041507328285E-002
   2.8393288104468051E-002
  0.32430971272082348     
   1.5543550884273147E-002
   2.7201214047478068E-002
   5.2207013611441665E-002
  -5.2893948001065276E-002
  -5.4685759093861148E-002
  -1.3738687792484643E-002
   3.6430197385014948E-002
  -2.9446177973617378E-002
  0.16579787609891358     
   8.7927601871901587E-002
  -4.1449469024728409E-002
   2.1981900467975386E-002
   8.7927601871901601E-002
   1.5543550884273147E-002
  0.49739362829674072     
   4.1449469024728340E-002
  0.14654600311983593     
   6.5945701403926041E-002
   4.4870366435988733E-002
  0.14654600311983601     
   4.6630652652819446E-002
   6.2818513010384228E-002
  -4.1449469024728409E-002
   8.0600301715909761E-002
   7.2536570793274691E-002
  -4.2131975896952951E-002
  -6.5945701403926207E-002
   2.7201214047478068E-002
   4.1449469024728340E-002
  0.38340758847873752     
   6.5945701403926041E-002
   4.2131975896952195E-002
  -5.6087958044985953E-002
  -8.0600301715909803E-002
   8.6784825770525140E-002
  -6.9549067975782572E-002
   8.7927601871901587E-002
   7.7717754421365734E-002
   8.0600301715909761E-002
   2.7201214047477894E-002
   1.5543550884273147E-002
   5.2207013611441665E-002
  0.14654600311983593     
   6.5945701403926041E-002
  0.39895113936301058     
   4.5335356745796106E-002
  -7.9320350953032536E-003
   5.1811836280910651E-003
   3.5720588260460089E-002
  -1.7450477209667144E-002
   2.1981900467975386E-002
   2.7201214047477936E-002
  -4.2131975896953007E-002
   8.5813353840257095E-002
   2.7201214047478068E-002
  -5.2893948001065276E-002
   6.5945701403926041E-002
   4.2131975896952195E-002
   4.5335356745796106E-002
  0.34033899957022862     
   3.7677166702689988E-002
   4.5335356745796779E-002
  -4.1445041507328036E-002
   5.2748033383766206E-002
   6.2818513010384228E-002
  -1.7450477209667144E-002
  -6.9549067975782614E-002
   5.2748033383766164E-002
  0.14753585277263995     
  -5.4685759093861148E-002
   4.4870366435988733E-002
  -5.6087958044985953E-002
  -7.9320350953032536E-003
   3.7677166702689988E-002
  0.34730121507047818     
   5.5524245667122614E-002
  -2.9446177973617378E-002
   5.1002276339021158E-002
   8.7927601871901601E-002
   1.5543550884273147E-002
  -6.5945701403926207E-002
   2.7201214047478068E-002
   7.7717754421365734E-002
  -1.3738687792484643E-002
  0.14654600311983601     
  -8.0600301715909803E-002
   5.1811836280910651E-003
   4.5335356745796779E-002
   5.5524245667122614E-002
  0.39895113936301080     
   2.8393288104468051E-002
  0.14753585277263997     
   1.5543550884273147E-002
   5.2207013611441665E-002
   2.7201214047478068E-002
  -5.2893948001065394E-002
  -1.3738687792484643E-002
   3.6430197385014948E-002
   4.6630652652819446E-002
   8.6784825770525140E-002
   3.5720588260460089E-002
  -4.1445041507328036E-002
  -2.9446177973617378E-002
   2.8393288104468051E-002
  0.32430971272082387     
  -5.4685759093861107E-002
   4.4870366435988733E-002
  -7.9320350953032345E-003
  -5.6087958044985925E-002
   3.7677166702690126E-002
   5.5524245667122614E-002
  -2.9446177973617378E-002
   6.2818513010384228E-002
  -6.9549067975782572E-002
  -1.7450477209667144E-002
   5.2748033383766206E-002
   5.1002276339021158E-002
  0.14753585277263997     
  -5.4685759093861107E-002
  0.34730121507047812     
  0.39376995573491980     
  -5.1811836280909818E-003
  0.14654600311983598     
   5.1811836280910763E-003
   4.6630652652819370E-002
   3.5720588260459984E-002
  0.11666295273357070     
   1.7450477209667057E-002
   6.2174203537092590E-002
  -4.6630652652819446E-002
   4.4870366435988733E-002
  -7.9320350953032536E-003
  -5.1811836280909818E-003
  0.35361578261721438     
  -8.0600301715909900E-002
   4.5335356745796633E-002
   8.6784825770525056E-002
  -4.1445041507328285E-002
  -9.1984251193776970E-002
   9.4787819388873248E-002
  -4.6630652652819446E-002
   7.3831866700297580E-002
  -5.6087958044985953E-002
   3.7677166702689988E-002
  0.14654600311983598     
  -8.0600301715909900E-002
  0.45594415927201237     
   8.0600301715909872E-002
   8.0600301715909872E-002
   7.3831866700297816E-002
   8.8838793067396102E-002
  -6.7305549653983382E-003
  0.14654600311983598     
  -8.0600301715909900E-002
   8.8838793067396102E-002
  -6.7305549653983859E-003
   5.1811836280910763E-003
   4.5335356745796633E-002
   8.0600301715909872E-002
  0.35361578261721438     
   7.3831866700297816E-002
   4.1445041507329396E-002
  -2.4678701539793881E-002
   3.5297556174099125E-002
   4.6630652652819370E-002
   8.6784825770524918E-002
  -6.7305549653983859E-003
   6.0680068479069343E-002
   4.6630652652819370E-002
   8.6784825770525056E-002
   8.0600301715909872E-002
   7.3831866700297816E-002
  0.35361578261721438     
   4.1445041507329868E-002
  -6.7305549653983382E-003
   6.0680068479069441E-002
   5.1811836280909931E-003
   4.5335356745796640E-002
  -2.4678701539793881E-002
   3.5297556174099118E-002
   3.5720588260459984E-002
  -4.1445041507328285E-002
   7.3831866700297816E-002
   4.1445041507329396E-002
   4.1445041507329868E-002
  0.32912659437506880     
   3.5297556174099125E-002
  -4.8305753866244971E-002
   3.5720588260459991E-002
  -4.1445041507328285E-002
   3.5297556174099118E-002
  -4.8305753866245173E-002
  0.11666295273357070     
  -9.1984251193776970E-002
   8.8838793067396102E-002
  -2.4678701539793881E-002
  -6.7305549653983382E-003
   3.5297556174099125E-002
  0.34584400717507763     
  -2.0608031688726935E-003
   4.4870366435988733E-002
  -5.6087958044985953E-002
   4.5335356745796723E-002
  -2.4042703636847861E-002
   1.7450477209667057E-002
   9.4787819388873248E-002
  -6.7305549653983382E-003
   3.5297556174099125E-002
   6.0680068479069441E-002
  -4.8305753866244971E-002
  -2.0608031688726935E-003
  0.30637796000797796     
  -7.9320350953032536E-003
   3.7677166702689988E-002
  -2.4042703636847861E-002
   3.8251707254266680E-002
   6.2174203537092590E-002
  -4.6630652652819446E-002
  0.14654600311983598     
   4.6630652652819370E-002
   5.1811836280909931E-003
   3.5720588260459991E-002
   4.4870366435988733E-002
  -7.9320350953032536E-003
  0.39376995573491980     
  -5.1811836280909818E-003
  0.11666295273357075     
   1.7450477209667071E-002
  -4.6630652652819446E-002
   7.3831866700297580E-002
  -8.0600301715909900E-002
   8.6784825770524918E-002
   4.5335356745796640E-002
  -4.1445041507328285E-002
  -5.6087958044985953E-002
   3.7677166702689988E-002
  -5.1811836280909818E-003
  0.35361578261721438     
  -9.1984251193776970E-002
   9.4787819388873193E-002
   4.4870366435988733E-002
  -5.6087958044985953E-002
   8.8838793067396102E-002
  -6.7305549653983859E-003
  -2.4678701539793881E-002
   3.5297556174099118E-002
   4.5335356745796723E-002
  -2.4042703636847861E-002
  0.11666295273357075     
  -9.1984251193776970E-002
  0.34584400717507763     
  -2.0608031688725366E-003
  -7.9320350953032536E-003
   3.7677166702689988E-002
  -6.7305549653983859E-003
   6.0680068479069343E-002
   3.5297556174099118E-002
  -4.8305753866245173E-002
  -2.4042703636847861E-002
   3.8251707254266680E-002
   1.7450477209667071E-002
   9.4787819388873193E-002
  -2.0608031688725366E-003
  0.30637796000797840     
  0.39376995573491980     
  -5.1811836280909818E-003
  0.11666295273357069     
   1.7450477209667047E-002
  0.14654600311983601     
   5.1811836280910651E-003
   4.6630652652819446E-002
   3.5720588260460061E-002
   6.2174203537092590E-002
  -4.6630652652819446E-002
   4.4870366435988733E-002
  -7.9320350953032345E-003
  -5.1811836280909818E-003
  0.35361578261721438     
  -9.1984251193776942E-002
   9.4787819388873304E-002
  -8.0600301715909803E-002
   4.5335356745796737E-002
   8.6784825770525181E-002
  -4.1445041507328119E-002
  -4.6630652652819446E-002
   7.3831866700297497E-002
  -5.6087958044985925E-002
   3.7677166702690126E-002
  0.11666295273357069     
  -9.1984251193776942E-002
  0.34584400717507763     
  -2.0608031688726935E-003
   8.8838793067396102E-002
  -2.4678701539793881E-002
  -6.7305549653983382E-003
   3.5297556174099125E-002
   4.4870366435988733E-002
  -5.6087958044985925E-002
   4.5335356745796723E-002
  -2.4042703636847906E-002
   1.7450477209667047E-002
   9.4787819388873304E-002
  -2.0608031688726935E-003
  0.30637796000797796     
  -6.7305549653983382E-003
   3.5297556174099125E-002
   6.0680068479069441E-002
  -4.8305753866244971E-002
  -7.9320350953032345E-003
   3.7677166702690126E-002
  -2.4042703636847906E-002
   3.8251707254266673E-002
  0.14654600311983601     
  -8.0600301715909803E-002
   8.8838793067396102E-002
  -6.7305549653983382E-003
  0.45594415927201237     
   8.0600301715909872E-002
   8.0600301715909872E-002
   7.3831866700297816E-002
  0.14654600311983601     
  -8.0600301715909803E-002
   8.8838793067396102E-002
  -6.7305549653983382E-003
   5.1811836280910651E-003
   4.5335356745796737E-002
  -2.4678701539793881E-002
   3.5297556174099125E-002
   8.0600301715909872E-002
  0.35361578261721438     
   7.3831866700297816E-002
   4.1445041507329396E-002
   4.6630652652819446E-002
   8.6784825770525140E-002
  -6.7305549653983382E-003
   6.0680068479069524E-002
   4.6630652652819446E-002
   8.6784825770525181E-002
  -6.7305549653983382E-003
   6.0680068479069441E-002
   8.0600301715909872E-002
   7.3831866700297816E-002
  0.35361578261721438     
   4.1445041507329868E-002
   5.1811836280910651E-003
   4.5335356745796779E-002
  -2.4678701539793881E-002
   3.5297556174099062E-002
   3.5720588260460061E-002
  -4.1445041507328119E-002
   3.5297556174099125E-002
  -4.8305753866244971E-002
   7.3831866700297816E-002
   4.1445041507329396E-002
   4.1445041507329868E-002
  0.32912659437506880     
   3.5720588260460089E-002
  -4.1445041507328036E-002
   3.5297556174099062E-002
  -4.8305753866245048E-002
   6.2174203537092590E-002
  -4.6630652652819446E-002
   4.4870366435988733E-002
  -7.9320350953032345E-003
  0.14654600311983601     
   4.6630652652819446E-002
   5.1811836280910651E-003
   3.5720588260460089E-002
  0.39376995573491980     
  -5.1811836280909818E-003
  0.11666295273357070     
   1.7450477209667036E-002
  -4.6630652652819446E-002
   7.3831866700297497E-002
  -5.6087958044985925E-002
   3.7677166702690126E-002
  -8.0600301715909803E-002
   8.6784825770525140E-002
   4.5335356745796779E-002
  -4.1445041507328036E-002
  -5.1811836280909818E-003
  0.35361578261721438     
  -9.1984251193776984E-002
   9.4787819388873193E-002
   4.4870366435988733E-002
  -5.6087958044985925E-002
   4.5335356745796723E-002
  -2.4042703636847906E-002
   8.8838793067396102E-002
  -6.7305549653983382E-003
  -2.4678701539793881E-002
   3.5297556174099062E-002
  0.11666295273357070     
  -9.1984251193776984E-002
  0.34584400717507763     
  -2.0608031688725366E-003
  -7.9320350953032345E-003
   3.7677166702690126E-002
  -2.4042703636847906E-002
   3.8251707254266673E-002
  -6.7305549653983382E-003
   6.0680068479069524E-002
   3.5297556174099062E-002
  -4.8305753866245048E-002
   1.7450477209667036E-002
   9.4787819388873193E-002
  -2.0608031688725366E-003
  0.30637796000797840     
  0.32641456856973611     
  -1.9429438605341472E-002
  0.11666295273357069     
   1.7450477209667047E-002
   6.2818513010384228E-002
  -1.7450477209667144E-002
   2.5905918140455245E-002
  -3.2382397675569073E-002
  -1.9429438605341472E-002
  0.32932898436053731     
  -9.1984251193776942E-002
   9.4787819388873304E-002
  -6.9549067975782614E-002
   5.2748033383766164E-002
  -3.2382397675569073E-002
   6.3145675467359427E-002
  0.11666295273357069     
  -9.1984251193776942E-002
  0.39895113936301080     
   2.8393288104468051E-002
  0.16061669247082258     
  -2.8393288104468152E-002
   6.2818513010384228E-002
  -6.9549067975782614E-002
   1.7450477209667047E-002
   9.4787819388873304E-002
   2.8393288104468051E-002
  0.32430971272082348     
  -2.8393288104468239E-002
   5.4564340083333628E-002
  -1.7450477209667144E-002
   5.2748033383766241E-002
   6.2818513010384228E-002
  -6.9549067975782614E-002
  0.16061669247082258     
  -2.8393288104468239E-002
  0.39895113936301080     
   2.8393288104468051E-002
  0.11666295273357075     
  -9.1984251193776970E-002
  -1.7450477209667144E-002
   5.2748033383766164E-002
  -2.8393288104468152E-002
   5.4564340083333628E-002
   2.8393288104468051E-002
  0.32430971272082387     
   1.7450477209667071E-002
   9.4787819388873193E-002
   2.5905918140455245E-002
  -3.2382397675569073E-002
   6.2818513010384228E-002
  -1.7450477209667144E-002
  0.11666295273357075     
   1.7450477209667071E-002
  0.32641456856973611     
  -1.9429438605341472E-002
  -3.2382397675569073E-002
   6.3145675467359427E-002
  -6.9549067975782614E-002
   5.2748033383766241E-002
  -9.1984251193776970E-002
   9.4787819388873193E-002
  -1.9429438605341472E-002
  0.32932898436053709     
  0.32641456856973611     
  -1.9429438605341472E-002
  0.11666295273357070     
   1.7450477209667057E-002
   6.2818513010384228E-002
  -1.7450477209667144E-002
   2.5905918140455245E-002
  -3.2382397675569059E-002
  -1.9429438605341472E-002
  0.32932898436053731     
  -9.1984251193776970E-002
   9.4787819388873248E-002
  -6.9549067975782572E-002
   5.2748033383766275E-002
  -3.2382397675569059E-002
   6.3145675467359524E-002
  0.11666295273357070     
  -9.1984251193776970E-002
  0.39895113936301080     
   2.8393288104468051E-002
  0.16061669247082253     
  -2.8393288104468270E-002
   6.2818513010384228E-002
  -6.9549067975782572E-002
   1.7450477209667057E-002
   9.4787819388873248E-002
   2.8393288104468051E-002
  0.32430971272082348     
  -2.8393288104468298E-002
   5.4564340083333510E-002
  -1.7450477209667144E-002
   5.2748033383766206E-002
   6.2818513010384228E-002
  -6.9549067975782572E-002
  0.16061669247082253     
  -2.8393288104468298E-002
  0.39895113936301080     
   2.8393288104468051E-002
  0.11666295273357070     
  -9.1984251193776984E-002
  -1.7450477209667144E-002
   5.2748033383766275E-002
  -2.8393288104468270E-002
   5.4564340083333510E-002
   2.8393288104468051E-002
  0.32430971272082387     
   1.7450477209667036E-002
   9.4787819388873193E-002
   2.5905918140455245E-002
  -3.2382397675569059E-002
   6.2818513010384228E-002
  -1.7450477209667144E-002
  0.11666295273357070     
   1.7450477209667036E-002
  0.32641456856973611     
  -1.9429438605341472E-002
  -3.2382397675569059E-002
   6.3145675467359524E-002
  -6.9549067975782572E-002
   5.2748033383766206E-002
  -9.1984251193776984E-002
   9.4787819388873193E-002
  -1.9429438605341472E-002
  0.32932898436053709     
  0.34584400717507763     
  -2.0608031688726935E-003
  0.14753585277263995     
   7.6422458514343025E-002
  -4.0529128987829517E-002
  -2.0608031688726935E-003
  0.30637796000797796     
  -5.4685759093861148E-002
  -4.0529128987829552E-002
   5.6709673929340738E-002
  0.14753585277263995     
  -5.4685759093861148E-002
  0.37887405280415809     
  0.14753585277264003     
  -5.4685759093861072E-002
   7.6422458514343025E-002
  -4.0529128987829552E-002
  0.14753585277264003     
  0.34584400717507763     
  -2.0608031688725366E-003
  -4.0529128987829517E-002
   5.6709673929340738E-002
  -5.4685759093861072E-002
  -2.0608031688725366E-003
  0.30637796000797840     
  0.34584400717507763     
  -2.0608031688726935E-003
  0.14753585277263997     
   7.6422458514342997E-002
  -4.0529128987829587E-002
  -2.0608031688726935E-003
  0.30637796000797796     
  -5.4685759093861107E-002
  -4.0529128987829538E-002
   5.6709673929340627E-002
  0.14753585277263997     
  -5.4685759093861107E-002
  0.37887405280415809     
  0.14753585277263997     
  -5.4685759093861107E-002
   7.6422458514342997E-002
  -4.0529128987829538E-002
  0.14753585277263997     
  0.34584400717507763     
  -2.0608031688725366E-003
  -4.0529128987829587E-002
   5.6709673929340627E-002
  -5.4685759093861107E-002
  -2.0608031688725366E-003
  0.30637796000797840     
  0.34730121507047818     
  0.15203535708679666     
  0.15203535708679666     
  0.34730121507047812     
  0.34730121507047818     
  0.15203535708679666     
  0.15203535708679666     
  0.34730121507047812     
  0.33463160197991187     
  0.33463160197991187     
  0.33159575219782722     
   4.1633363423443370E-017
   5.8618401247934417E-002
  -5.8618401247934229E-002
   2.7408630920433552E-016
   0.0000000000000000     
  -1.3877787807814457E-017
   4.1633363423443370E-017
  0.33159575219782722     
   5.8618401247934472E-002
   5.8618401247934472E-002
   3.1087101768546614E-002
   8.2898938049456847E-002
   3.1087101768546302E-002
   5.8618401247934417E-002
   5.8618401247934472E-002
  0.31087101768546316     
   2.3592239273284576E-016
   4.2131975896953229E-002
  -1.4654600311983509E-002
  -1.6486425350981611E-002
  -5.8618401247934229E-002
   5.8618401247934472E-002
   2.3592239273284576E-016
  0.31087101768546316     
   4.2131975896953500E-002
  -1.4654600311983595E-002
  -1.6486425350981646E-002
   2.7408630920433552E-016
   3.1087101768546614E-002
   4.2131975896953229E-002
   4.2131975896953500E-002
  0.24643004631108217     
   1.8134142698318680E-002
   1.8457966675074065E-002
   0.0000000000000000     
   8.2898938049456847E-002
  -1.4654600311983509E-002
  -1.4654600311983595E-002
   1.8134142698318680E-002
  0.31087101768546299     
  0.10103308074777551     
  -1.3877787807814457E-017
   3.1087101768546302E-002
  -1.6486425350981611E-002
  -1.6486425350981646E-002
   1.8457966675074065E-002
  0.10103308074777551     
  0.28787951533580863     
  0.33159575219782711     
   5.8618401247934313E-002
   8.2898938049456708E-002
   4.3963800935950509E-002
   5.8618401247934410E-002
   3.1087101768546298E-002
   1.7948146574395495E-002
   5.8618401247934313E-002
  0.32123338494164472     
  -1.4654600311983762E-002
   1.8134142698318190E-002
  -1.0362367256182083E-002
  -1.6486425350981604E-002
  -9.5184421143638901E-003
   8.2898938049456708E-002
  -1.4654600311983762E-002
  0.31087101768546266     
   8.4263951793904848E-002
  -1.4654600311983595E-002
   5.9583611723047034E-002
  -1.3461109930796619E-002
   4.3963800935950509E-002
   1.8134142698318190E-002
   8.4263951793904848E-002
  0.25452564572997172     
   1.8134142698318586E-002
   1.1448906493737053E-002
   1.5070866681076288E-002
   5.8618401247934410E-002
  -1.0362367256182083E-002
  -1.4654600311983595E-002
   1.8134142698318586E-002
  0.32123338494164505     
   4.2131975896952729E-002
   9.2011607105517368E-002
   3.1087101768546298E-002
  -1.6486425350981604E-002
   5.9583611723047034E-002
   1.1448906493737053E-002
   4.2131975896952729E-002
  0.28787951533580869     
  -2.5239581120243781E-002
   1.7948146574395495E-002
  -9.5184421143638901E-003
  -1.3461109930796619E-002
   1.5070866681076288E-002
   9.2011607105517368E-002
  -2.5239581120243781E-002
  0.29629893873145702     
  0.33159575219782711     
   5.8618401247934340E-002
   8.2898938049456750E-002
   4.3963800935950655E-002
   5.8618401247934382E-002
   3.1087101768546222E-002
   1.7948146574395495E-002
   5.8618401247934340E-002
  0.32123338494164483     
  -1.4654600311983720E-002
   1.8134142698318406E-002
  -1.0362367256182071E-002
  -1.6486425350981680E-002
  -9.5184421143639092E-003
   8.2898938049456750E-002
  -1.4654600311983720E-002
  0.31087101768546282     
   8.4263951793905195E-002
  -1.4654600311983693E-002
   5.9583611723046992E-002
  -1.3461109930796689E-002
   4.3963800935950655E-002
   1.8134142698318406E-002
   8.4263951793905195E-002
  0.25452564572997238     
   1.8134142698318565E-002
   1.1448906493737109E-002
   1.5070866681076038E-002
   5.8618401247934382E-002
  -1.0362367256182071E-002
  -1.4654600311983693E-002
   1.8134142698318565E-002
  0.32123338494164505     
   4.2131975896952695E-002
   9.2011607105517340E-002
   3.1087101768546222E-002
  -1.6486425350981680E-002
   5.9583611723046992E-002
   1.1448906493737109E-002
   4.2131975896952695E-002
  0.28787951533580852     
  -2.5239581120243770E-002
   1.7948146574395495E-002
  -9.5184421143639092E-003
  -1.3461109930796689E-002
   1.5070866681076038E-002
   9.2011607105517340E-002
  -2.5239581120243770E-002
  0.29629893873145702     
  0.33159575219782722     
   4.1449469024728465E-002
  -4.1449469024728292E-002
   7.1792586297581978E-002
   2.5382512304970309E-002
   4.1449469024728465E-002
  0.27978391591691681     
  -4.1449469024728423E-002
  -3.5896293148791017E-002
   5.7110652686183261E-002
  -4.1449469024728292E-002
  -4.1449469024728423E-002
  0.27978391591691654     
  -1.7948146574395495E-002
  -2.5382512304970219E-002
   7.1792586297581978E-002
  -3.5896293148791017E-002
  -1.7948146574395495E-002
  0.30050865042928088     
   2.1981900467975168E-002
   2.5382512304970309E-002
   5.7110652686183261E-002
  -2.5382512304970219E-002
   2.1981900467975168E-002
  0.26812625275371127     
  0.33159575219782722     
   4.1449469024728465E-002
   7.1792586297581951E-002
   2.5382512304970281E-002
  -4.1449469024728382E-002
   4.1449469024728465E-002
  0.27978391591691687     
  -3.5896293148791017E-002
   5.7110652686183178E-002
  -4.1449469024728444E-002
   7.1792586297581951E-002
  -3.5896293148791017E-002
  0.30050865042928088     
   2.1981900467975213E-002
  -1.7948146574395543E-002
   2.5382512304970281E-002
   5.7110652686183178E-002
   2.1981900467975213E-002
  0.26812625275371127     
  -2.5382512304970316E-002
  -4.1449469024728382E-002
  -4.1449469024728444E-002
  -1.7948146574395543E-002
  -2.5382512304970316E-002
  0.27978391591691654     
  0.30050865042928088     
   1.2952959070227602E-002
   5.3844439723186463E-002
   3.4900954419334190E-002
   1.2952959070227602E-002
  0.26618330889317787     
  -2.2435183217994328E-002
   4.2039786005107140E-002
   5.3844439723186463E-002
  -2.2435183217994328E-002
  0.23833444689218822     
   5.6786576208936207E-002
   3.4900954419334190E-002
   4.2039786005107140E-002
   5.6786576208936207E-002
  0.26974537263748988     
  0.30050865042928088     
   1.2952959070227588E-002
   5.3844439723186477E-002
   3.4900954419334204E-002
   1.2952959070227588E-002
  0.26618330889317776     
  -2.2435183217994398E-002
   4.2039786005106973E-002
   5.3844439723186477E-002
  -2.2435183217994398E-002
  0.23833444689218827     
   5.6786576208936318E-002
   3.4900954419334204E-002
   4.2039786005106973E-002
   5.6786576208936318E-002
  0.26974537263748999     
  0.26942154866073459     
   3.8468325818956824E-002
   3.8468325818956824E-002
  0.24966828607863722     
  0.26942154866073464     
   3.8468325818956893E-002
   3.8468325818956893E-002
  0.24966828607863734     
  0.19526585798368151     
  0.19526585798368151     
  0.33159575219782722     
   4.1633363423443370E-017
   5.8618401247934417E-002
  -5.8618401247934229E-002
   2.7408630920433552E-016
   0.0000000000000000     
  -1.3877787807814457E-017
   4.1633363423443370E-017
  0.33159575219782722     
   5.8618401247934472E-002
   5.8618401247934472E-002
   3.1087101768546614E-002
   8.2898938049456847E-002
   3.1087101768546302E-002
   5.8618401247934417E-002
   5.8618401247934472E-002
  0.31087101768546316     
   2.3592239273284576E-016
   4.2131975896953229E-002
  -1.4654600311983509E-002
  -1.6486425350981611E-002
  -5.8618401247934229E-002
   5.8618401247934472E-002
   2.3592239273284576E-016
  0.31087101768546316     
   4.2131975896953500E-002
  -1.4654600311983595E-002
  -1.6486425350981646E-002
   2.7408630920433552E-016
   3.1087101768546614E-002
   4.2131975896953229E-002
   4.2131975896953500E-002
  0.24643004631108217     
   1.8134142698318680E-002
   1.8457966675074065E-002
   0.0000000000000000     
   8.2898938049456847E-002
  -1.4654600311983509E-002
  -1.4654600311983595E-002
   1.8134142698318680E-002
  0.31087101768546299     
  0.10103308074777551     
  -1.3877787807814457E-017
   3.1087101768546302E-002
  -1.6486425350981611E-002
  -1.6486425350981646E-002
   1.8457966675074065E-002
  0.10103308074777551     
  0.28787951533580863     
  0.33159575219782711     
   5.8618401247934313E-002
   8.2898938049456708E-002
   4.3963800935950509E-002
   5.8618401247934410E-002
   3.1087101768546298E-002
   1.7948146574395495E-002
   5.8618401247934313E-002
  0.32123338494164472     
  -1.4654600311983762E-002
   1.8134142698318190E-002
  -1.0362367256182083E-002
  -1.6486425350981604E-002
  -9.5184421143638901E-003
   8.2898938049456708E-002
  -1.4654600311983762E-002
  0.31087101768546266     
   8.4263951793904848E-002
  -1.4654600311983595E-002
   5.9583611723047034E-002
  -1.3461109930796619E-002
   4.3963800935950509E-002
   1.8134142698318190E-002
   8.4263951793904848E-002
  0.25452564572997172     
   1.8134142698318586E-002
   1.1448906493737053E-002
   1.5070866681076288E-002
   5.8618401247934410E-002
  -1.0362367256182083E-002
  -1.4654600311983595E-002
   1.8134142698318586E-002
  0.32123338494164505     
   4.2131975896952729E-002
   9.2011607105517368E-002
   3.1087101768546298E-002
  -1.6486425350981604E-002
   5.9583611723047034E-002
   1.1448906493737053E-002
   4.2131975896952729E-002
  0.28787951533580869     
  -2.5239581120243781E-002
   1.7948146574395495E-002
  -9.5184421143638901E-003
  -1.3461109930796619E-002
   1.5070866681076288E-002
   9.2011607105517368E-002
  -2.5239581120243781E-002
  0.29629893873145702     
  0.33159575219782711     
   5.8618401247934340E-002
   8.2898938049456750E-002
   4.3963800935950655E-002
   5.8618401247934382E-002
   3.1087101768546222E-002
   1.7948146574395495E-002
   5.8618401247934340E-002
  0.32123338494164483     
  -1.4654600311983720E-002
   1.8134142698318406E-002
  -1.0362367256182071E-002
  -1.6486425350981680E-002
  -9.5184421143639092E-003
   8.2898938049456750E-002
  -1.4654600311983720E-002
  0.31087101768546282     
   8.4263951793905195E-002
  -1.4654600311983693E-002
   5.9583611723046992E-002
  -1.3461109930796689E-002
   4.3963800935950655E-002
   1.8134142698318406E-002
   8.4263951793905195E-002
  0.25452564572997238     
   1.8134142698318565E-002
   1.1448906493737109E-002
   1.5070866681076038E-002
   5.8618401247934382E-002
  -1.0362367256182071E-002
  -1.4654600311983693E-002
   1.8134142698318565E-002
  0.32123338494164505     
   4.2131975896952695E-002
   9.2011607105517340E-002
   3.1087101768546222E-002
  -1.6486425350981680E-002
   5.9583611723046992E-002
   1.1448906493737109E-002
   4.2131975896952695E-002
  0.28787951533580852     
  -2.5239581120243770E-002
   1.7948146574395495E-002
  -9.5184421143639092E-003
  -1.3461109930796689E-002
   1.5070866681076038E-002
   9.2011607105517340E-002
  -2.5239581120243770E-002
  0.29629893873145702     
  0.33159575219782722     
   4.1449469024728465E-002
  -4.1449469024728292E-002
   7.1792586297581978E-002
   2.5382512304970309E-002
   4.1449469024728465E-002
  0.27978391591691681     
  -4.1449469024728423E-002
  -3.5896293148791017E-002
   5.7110652686183261E-002
  -4.1449469024728292E-002
  -4.1449469024728423E-002
  0.27978391591691654     
  -1.7948146574395495E-002
  -2.5382512304970219E-002
   7.1792586297581978E-002
  -3.5896293148791017E-002
  -1.7948146574395495E-002
  0.30050865042928088     
   2.1981900467975168E-002
   2.5382512304970309E-002
   5.7110652686183261E-002
  -2.5382512304970219E-002
   2.1981900467975168E-002
  0.26812625275371127     
  0.33159575219782722     
   4.1449469024728465E-002
   7.1792586297581951E-002
   2.5382512304970281E-002
  -4.1449469024728382E-002
   4.1449469024728465E-002
  0.27978391591691687     
  -3.5896293148791017E-002
   5.7110652686183178E-002
  -4.1449469024728444E-002
   7.1792586297581951E-002
  -3.5896293148791017E-002
  0.30050865042928088     
   2.1981900467975213E-002
  -1.7948146574395543E-002
   2.5382512304970281E-002
   5.7110652686183178E-002
   2.1981900467975213E-002
  0.26812625275371127     
  -2.5382512304970316E-002
  -4.1449469024728382E-002
  -4.1449469024728444E-002
  -1.7948146574395543E-002
  -2.5382512304970316E-002
  0.27978391591691654     
  0.30050865042928088     
   1.2952959070227602E-002
   5.3844439723186463E-002
   3.4900954419334190E-002
   1.2952959070227602E-002
  0.26618330889317787     
  -2.2435183217994328E-002
   4.2039786005107140E-002
   5.3844439723186463E-002
  -2.2435183217994328E-002
  0.23833444689218822     
   5.6786576208936207E-002
   3.4900954419334190E-002
   4.2039786005107140E-002
   5.6786576208936207E-002
  0.26974537263748988     
  0.30050865042928088     
   1.2952959070227588E-002
   5.3844439723186477E-002
   3.4900954419334204E-002
   1.2952959070227588E-002
  0.26618330889317776     
  -2.2435183217994398E-002
   4.2039786005106973E-002
   5.3844439723186477E-002
  -2.2435183217994398E-002
  0.23833444689218827     
   5.6786576208936318E-002
   3.4900954419334204E-002
   4.2039786005106973E-002
   5.6786576208936318E-002
  0.26974537263748999     
  0.26942154866073459     
   3.8468325818956824E-002
   3.8468325818956824E-002
  0.24966828607863722     
  0.26942154866073464     
   3.8468325818956893E-002
   3.8468325818956893E-002
  0.24966828607863734     
  0.19526585798368151     
  0.19526585798368151     
