   1.2533141373155003     
  0.31332853432887509     
  0.31332853432887509     
  0.31332853432887509     
  0.86165346940440657     
  0.23499640074665631     
  0.31332853432887509     
  0.23499640074665631     
  0.86165346940440657     
  0.93998560298662526     
  0.31332853432887509     
  0.31332853432887509     
  0.93998560298662526     
  0.93998560298662526     
  0.31332853432887509     
  0.31332853432887509     
  0.93998560298662526     
  0.86165346940440657     
  0.86165346940440657     
  0.62665706865775028     
  0.62665706865775017     
  0.62665706865775017     
  0.62665706865775028     
  0.62665706865775017     
  0.62665706865775017     
