  0.88622692545275805     
  0.22155673136318951     
  0.22155673136318951     
  0.16616754852239221     
  0.22155673136318951     
  0.11749820037332818     
  0.11749820037332818     
  0.10385471782649523     
  0.22155673136318951     
  0.11749820037332814     
  0.11749820037332814     
  0.10385471782649508     
   8.3083774261196064E-002
   8.3083774261196064E-002
   3.4618239275498362E-002
   3.4618239275498362E-002
  0.22155673136318951     
  0.60928101124877132     
  0.16616754852239221     
   9.6931069971395778E-002
  -5.5389182840797344E-002
  0.10770668367555082     
   2.9374550093332213E-002
   3.6349151239273549E-002
  -5.5389182840797399E-002
  0.10770668367555075     
   2.9374550093332022E-002
   3.6349151239273181E-002
  -6.2312830695897055E-002
  -6.2312830695897055E-002
  -4.3272799094372982E-002
  -4.3272799094372962E-002
  0.22155673136318951     
  0.16616754852239221     
  0.60928101124877132     
   9.6931069971395778E-002
  -5.5389182840797344E-002
   2.9374550093332213E-002
  0.10770668367555096     
   3.6349151239273542E-002
  -5.5389182840797399E-002
   2.9374550093332022E-002
  0.10770668367555075     
   3.6349151239273132E-002
  -6.2312830695897055E-002
  -6.2312830695897055E-002
  -4.3272799094372982E-002
  -4.3272799094372962E-002
  0.16616754852239221     
   9.6931069971395778E-002
   9.6931069971395778E-002
  0.52965906091512616     
   9.6931069971395639E-002
  -5.6301221012219467E-002
  -5.6301221012219474E-002
  0.11467291760008805     
   9.6931069971395403E-002
  -5.6301221012219876E-002
  -5.6301221012219960E-002
  0.11467291760008726     
   9.8661981935170506E-002
   9.8661981935170381E-002
   8.4381958234026944E-002
   8.4381958234027069E-002
  0.22155673136318951     
  -5.5389182840797344E-002
  -5.5389182840797344E-002
   9.6931069971395639E-002
  0.60928101124877121     
  0.10770668367555092     
  0.10770668367555092     
   9.8661981935170812E-002
  0.16616754852239213     
   2.9374550093332036E-002
   2.9374550093332036E-002
   5.7120094804572356E-002
  0.21463308350808993     
  0.10385471782649508     
  0.10212380586272023     
   6.0581918732122188E-002
  0.11749820037332818     
  0.10770668367555082     
   2.9374550093332213E-002
  -5.6301221012219467E-002
  0.10770668367555092     
  0.47253896611055302     
   9.8661981935170812E-002
   5.5383266321804160E-002
   2.9374550093332036E-002
   9.8661981935170506E-002
   5.7120094804572356E-002
  -9.1795469041609790E-004
  -3.7942127203887122E-002
  -1.8359093808332550E-002
  -5.4159326734580786E-002
  -3.2128414164581669E-002
  0.11749820037332818     
   2.9374550093332213E-002
  0.10770668367555096     
  -5.6301221012219474E-002
  0.10770668367555092     
   9.8661981935170812E-002
  0.47253896611055302     
   5.5383266321804785E-002
   2.9374550093332036E-002
   5.7120094804572356E-002
   9.8661981935170506E-002
  -9.1795469041582988E-004
  -3.7942127203887240E-002
  -1.8359093808332550E-002
  -5.4159326734580834E-002
  -3.2128414164581669E-002
  0.10385471782649523     
   3.6349151239273549E-002
   3.6349151239273542E-002
  0.11467291760008805     
   9.8661981935170812E-002
   5.5383266321804160E-002
   5.5383266321804785E-002
  0.43981391179543816     
   5.7120094804572356E-002
  -9.1795469041598698E-004
  -9.1795469041582988E-004
  0.11050791068725778     
   7.2914666474018119E-002
   4.8681898981169244E-002
   7.5781489414021214E-002
   5.1115993930229024E-002
  0.22155673136318951     
  -5.5389182840797399E-002
  -5.5389182840797399E-002
   9.6931069971395403E-002
  0.16616754852239213     
   2.9374550093332036E-002
   2.9374550093332036E-002
   5.7120094804572356E-002
  0.60928101124877121     
  0.10770668367555092     
  0.10770668367555092     
   9.8661981935170812E-002
  0.10385471782649508     
  0.21463308350808985     
   6.0581918732122188E-002
  0.10212380586272019     
  0.11749820037332814     
  0.10770668367555075     
   2.9374550093332022E-002
  -5.6301221012219876E-002
   2.9374550093332036E-002
   9.8661981935170506E-002
   5.7120094804572356E-002
  -9.1795469041598698E-004
  0.10770668367555092     
  0.47253896611055302     
   9.8661981935170812E-002
   5.5383266321804160E-002
  -1.8359093808332592E-002
  -3.7942127203887274E-002
  -3.2128414164581613E-002
  -5.4159326734580862E-002
  0.11749820037332814     
   2.9374550093332022E-002
  0.10770668367555075     
  -5.6301221012219960E-002
   2.9374550093332036E-002
   5.7120094804572356E-002
   9.8661981935170506E-002
  -9.1795469041582988E-004
  0.10770668367555092     
   9.8661981935170812E-002
  0.47253896611055302     
   5.5383266321804785E-002
  -1.8359093808332592E-002
  -3.7942127203887316E-002
  -3.2128414164581613E-002
  -5.4159326734580814E-002
  0.10385471782649508     
   3.6349151239273181E-002
   3.6349151239273132E-002
  0.11467291760008726     
   5.7120094804572356E-002
  -9.1795469041609790E-004
  -9.1795469041582988E-004
  0.11050791068725778     
   9.8661981935170812E-002
   5.5383266321804160E-002
   5.5383266321804785E-002
  0.43981391179543816     
   4.8681898981169022E-002
   7.2914666474017953E-002
   5.1115993930229024E-002
   7.5781489414021061E-002
   8.3083774261196064E-002
  -6.2312830695897055E-002
  -6.2312830695897055E-002
   9.8661981935170506E-002
  0.21463308350808993     
  -3.7942127203887122E-002
  -3.7942127203887240E-002
   7.2914666474018119E-002
  0.10385471782649508     
  -1.8359093808332592E-002
  -1.8359093808332592E-002
   4.8681898981169022E-002
  0.50629174940416366     
   9.0872878098183285E-002
  0.20316579174808092     
   6.8154658573637256E-002
   8.3083774261196064E-002
  -6.2312830695897055E-002
  -6.2312830695897055E-002
   9.8661981935170381E-002
  0.10385471782649508     
  -1.8359093808332550E-002
  -1.8359093808332550E-002
   4.8681898981169244E-002
  0.21463308350808985     
  -3.7942127203887274E-002
  -3.7942127203887316E-002
   7.2914666474017953E-002
   9.0872878098183285E-002
  0.50629174940416366     
   6.8154658573637256E-002
  0.20316579174808092     
   3.4618239275498362E-002
  -4.3272799094372982E-002
  -4.3272799094372982E-002
   8.4381958234026944E-002
  0.10212380586272023     
  -5.4159326734580786E-002
  -5.4159326734580834E-002
   7.5781489414021214E-002
   6.0581918732122188E-002
  -3.2128414164581613E-002
  -3.2128414164581613E-002
   5.1115993930229024E-002
  0.20316579174808092     
   6.8154658573637256E-002
  0.44717028764147670     
   6.2475103692501484E-002
   3.4618239275498362E-002
  -4.3272799094372962E-002
  -4.3272799094372962E-002
   8.4381958234027069E-002
   6.0581918732122188E-002
  -3.2128414164581669E-002
  -3.2128414164581669E-002
   5.1115993930229024E-002
  0.10212380586272019     
  -5.4159326734580862E-002
  -5.4159326734580814E-002
   7.5781489414021061E-002
   6.8154658573637256E-002
  0.20316579174808092     
   6.2475103692501484E-002
  0.44717028764147670     
  0.66467019408956851     
  0.19583033395554686     
   5.5389182840797309E-002
   8.8123650279995913E-002
  0.22155673136318951     
  -5.5389182840797344E-002
  0.11749820037332818     
   2.9374550093332213E-002
  0.19583033395554691     
   6.2312830695897055E-002
  0.11749820037332814     
   2.0770943565299016E-002
   8.3944769011235390E-002
   5.9960549293739562E-002
  0.19583033395554686     
  0.53312088484267450     
   8.8123650279995913E-002
   6.0581918732121674E-002
  0.11749820037332818     
  0.10770668367555082     
  0.10385471782649523     
   3.6349151239273472E-002
   6.9236478550996931E-003
   4.7733643901664610E-002
   2.0770943565299016E-002
   6.9764556471663713E-002
  -2.3319181055100495E-002
  -1.0599627752318413E-002
   5.5389182840797309E-002
   8.8123650279995913E-002
  0.51234994127737565     
   5.6301221012218870E-002
  -5.5389182840797344E-002
   9.6931069971395639E-002
  0.10770668367555096     
  -5.6301221012219474E-002
 -0.10770668367555082     
  0.11597110157291966     
  -8.8123650279996121E-002
   3.6349151239273472E-002
  -9.2938851405296355E-002
  -7.4950686617174508E-002
   8.8123650279995913E-002
   6.0581918732121674E-002
   5.6301221012218870E-002
  0.45479711848185800     
   2.9374550093332213E-002
  -5.6301221012219467E-002
   3.6349151239273542E-002
  0.11467291760008805     
   6.0581918732122209E-002
  -5.5383266321802453E-002
   3.6349151239273472E-002
  -7.0682511162079367E-002
   7.0487524552916972E-002
   5.0348231823511849E-002
  0.22155673136318951     
  0.11749820037332818     
  -5.5389182840797344E-002
   2.9374550093332213E-002
  0.66467019408956851     
   5.5389182840797309E-002
  0.19583033395554686     
   8.8123650279995913E-002
  0.11749820037332814     
   2.0770943565299016E-002
  0.19583033395554691     
   6.2312830695896958E-002
   5.9960549293739562E-002
   8.3944769011235390E-002
  -5.5389182840797344E-002
  0.10770668367555082     
   9.6931069971395639E-002
  -5.6301221012219467E-002
   5.5389182840797309E-002
  0.51234994127737565     
   8.8123650279995913E-002
   5.6301221012218870E-002
  -8.8123650279996121E-002
   3.6349151239273361E-002
 -0.10770668367555093     
  0.11597110157291932     
  -7.4950686617174481E-002
  -9.2938851405296424E-002
  0.11749820037332818     
  0.10385471782649523     
  0.10770668367555096     
   3.6349151239273542E-002
  0.19583033395554686     
   8.8123650279995913E-002
  0.53312088484267450     
   6.0581918732121362E-002
   2.0770943565299016E-002
   6.9764556471663713E-002
   6.9236478550995977E-003
   4.7733643901664520E-002
  -1.0599627752318390E-002
  -2.3319181055100495E-002
   2.9374550093332213E-002
   3.6349151239273472E-002
  -5.6301221012219474E-002
  0.11467291760008805     
   8.8123650279995913E-002
   5.6301221012218870E-002
   6.0581918732121362E-002
  0.45479711848185678     
   3.6349151239273361E-002
  -7.0682511162079520E-002
   6.0581918732122077E-002
  -5.5383266321802668E-002
   5.0348231823512037E-002
   7.0487524552916916E-002
  0.19583033395554691     
   6.9236478550996931E-003
 -0.10770668367555082     
   6.0581918732122209E-002
  0.11749820037332814     
  -8.8123650279996121E-002
   2.0770943565299016E-002
   3.6349151239273361E-002
  0.53312088484267472     
   3.7942127203886990E-002
  0.10385471782649508     
  -1.8359093808332592E-002
  0.19715307619312181     
   7.4197394266228692E-002
   6.2312830695897055E-002
   4.7733643901664610E-002
  0.11597110157291966     
  -5.5383266321802453E-002
   2.0770943565299016E-002
   3.6349151239273361E-002
   6.9764556471663713E-002
  -7.0682511162079520E-002
   3.7942127203886990E-002
  0.43337708293014432     
  -1.8359093808332592E-002
   4.8681898981169022E-002
  -7.3076919451744868E-002
  -3.9349110474016215E-002
  0.11749820037332814     
   2.0770943565299016E-002
  -8.8123650279996121E-002
   3.6349151239273472E-002
  0.19583033395554691     
 -0.10770668367555093     
   6.9236478550995977E-003
   6.0581918732122077E-002
  0.10385471782649508     
  -1.8359093808332592E-002
  0.53312088484267472     
   3.7942127203886990E-002
   7.4197394266228692E-002
  0.19715307619312183     
   2.0770943565299016E-002
   6.9764556471663713E-002
   3.6349151239273472E-002
  -7.0682511162079367E-002
   6.2312830695896958E-002
  0.11597110157291932     
   4.7733643901664520E-002
  -5.5383266321802668E-002
  -1.8359093808332592E-002
   4.8681898981169022E-002
   3.7942127203886990E-002
  0.43337708293014476     
  -3.9349110474016284E-002
  -7.3076919451744826E-002
   8.3944769011235390E-002
  -2.3319181055100495E-002
  -9.2938851405296355E-002
   7.0487524552916972E-002
   5.9960549293739562E-002
  -7.4950686617174481E-002
  -1.0599627752318390E-002
   5.0348231823512037E-002
  0.19715307619312181     
  -7.3076919451744868E-002
   7.4197394266228692E-002
  -3.9349110474016284E-002
  0.46410077028715002     
   6.8154658573637256E-002
   5.9960549293739562E-002
  -1.0599627752318413E-002
  -7.4950686617174508E-002
   5.0348231823511849E-002
   8.3944769011235390E-002
  -9.2938851405296424E-002
  -2.3319181055100495E-002
   7.0487524552916916E-002
   7.4197394266228692E-002
  -3.9349110474016215E-002
  0.19715307619312183     
  -7.3076919451744826E-002
   6.8154658573637256E-002
  0.46410077028714980     
  0.66467019408956851     
  0.19583033395554686     
   5.5389182840797309E-002
   8.8123650279995913E-002
  0.19583033395554691     
   6.2312830695896958E-002
  0.22155673136318951     
  -5.5389182840797399E-002
  0.11749820037332814     
   2.9374550093332022E-002
   8.3944769011235390E-002
  0.11749820037332814     
   2.0770943565299016E-002
   5.9960549293739562E-002
  0.19583033395554686     
  0.53312088484267450     
   8.8123650279995913E-002
   6.0581918732121674E-002
   6.9236478550997096E-003
   4.7733643901664513E-002
  0.11749820037332814     
  0.10770668367555075     
  0.10385471782649508     
   3.6349151239273181E-002
  -2.3319181055100495E-002
   2.0770943565299016E-002
   6.9764556471663713E-002
  -1.0599627752318390E-002
   5.5389182840797309E-002
   8.8123650279995913E-002
  0.51234994127737565     
   5.6301221012218870E-002
 -0.10770668367555093     
  0.11597110157291948     
  -5.5389182840797399E-002
   9.6931069971395403E-002
  0.10770668367555075     
  -5.6301221012219960E-002
  -9.2938851405296424E-002
  -8.8123650279996121E-002
   3.6349151239273361E-002
  -7.4950686617174481E-002
   8.8123650279995913E-002
   6.0581918732121674E-002
   5.6301221012218870E-002
  0.45479711848185800     
   6.0581918732122070E-002
  -5.5383266321802668E-002
   2.9374550093332022E-002
  -5.6301221012219876E-002
   3.6349151239273132E-002
  0.11467291760008710     
   7.0487524552916833E-002
   3.6349151239273361E-002
  -7.0682511162079673E-002
   5.0348231823512037E-002
  0.19583033395554691     
   6.9236478550997096E-003
 -0.10770668367555093     
   6.0581918732122070E-002
  0.53312088484267472     
   3.7942127203886990E-002
  0.11749820037332814     
  -8.8123650279996121E-002
   2.0770943565299016E-002
   3.6349151239273361E-002
  0.19715307619312181     
  0.10385471782649508     
  -1.8359093808332550E-002
   7.4197394266228692E-002
   6.2312830695896958E-002
   4.7733643901664513E-002
  0.11597110157291948     
  -5.5383266321802668E-002
   3.7942127203886990E-002
  0.43337708293014432     
   2.0770943565299016E-002
   3.6349151239273361E-002
   6.9764556471663713E-002
  -7.0682511162079520E-002
  -7.3076919451744923E-002
  -1.8359093808332550E-002
   4.8681898981169244E-002
  -3.9349110474016284E-002
  0.22155673136318951     
  0.11749820037332814     
  -5.5389182840797399E-002
   2.9374550093332022E-002
  0.11749820037332814     
   2.0770943565299016E-002
  0.66467019408956851     
   5.5389182840797309E-002
  0.19583033395554686     
   8.8123650279995913E-002
   5.9960549293739562E-002
  0.19583033395554691     
   6.2312830695897055E-002
   8.3944769011235390E-002
  -5.5389182840797399E-002
  0.10770668367555075     
   9.6931069971395403E-002
  -5.6301221012219876E-002
  -8.8123650279996121E-002
   3.6349151239273361E-002
   5.5389182840797309E-002
  0.51234994127737565     
   8.8123650279995913E-002
   5.6301221012218870E-002
  -7.4950686617174508E-002
 -0.10770668367555082     
  0.11597110157291961     
  -9.2938851405296355E-002
  0.11749820037332814     
  0.10385471782649508     
  0.10770668367555075     
   3.6349151239273132E-002
   2.0770943565299016E-002
   6.9764556471663713E-002
  0.19583033395554686     
   8.8123650279995913E-002
  0.53312088484267450     
   6.0581918732121362E-002
  -1.0599627752318413E-002
   6.9236478550996931E-003
   4.7733643901664652E-002
  -2.3319181055100495E-002
   2.9374550093332022E-002
   3.6349151239273181E-002
  -5.6301221012219960E-002
  0.11467291760008710     
   3.6349151239273361E-002
  -7.0682511162079520E-002
   8.8123650279995913E-002
   5.6301221012218870E-002
   6.0581918732121362E-002
  0.45479711848185678     
   5.0348231823511849E-002
   6.0581918732122264E-002
  -5.5383266321802335E-002
   7.0487524552916889E-002
   8.3944769011235390E-002
  -2.3319181055100495E-002
  -9.2938851405296424E-002
   7.0487524552916833E-002
  0.19715307619312181     
  -7.3076919451744923E-002
   5.9960549293739562E-002
  -7.4950686617174508E-002
  -1.0599627752318413E-002
   5.0348231823511849E-002
  0.46410077028715002     
   7.4197394266228692E-002
  -3.9349110474016284E-002
   6.8154658573637256E-002
  0.11749820037332814     
   2.0770943565299016E-002
  -8.8123650279996121E-002
   3.6349151239273361E-002
  0.10385471782649508     
  -1.8359093808332550E-002
  0.19583033395554691     
 -0.10770668367555082     
   6.9236478550996931E-003
   6.0581918732122264E-002
   7.4197394266228692E-002
  0.53312088484267472     
   3.7942127203886990E-002
  0.19715307619312181     
   2.0770943565299016E-002
   6.9764556471663713E-002
   3.6349151239273361E-002
  -7.0682511162079673E-002
  -1.8359093808332550E-002
   4.8681898981169244E-002
   6.2312830695897055E-002
  0.11597110157291961     
   4.7733643901664652E-002
  -5.5383266321802335E-002
  -3.9349110474016284E-002
   3.7942127203886990E-002
  0.43337708293014476     
  -7.3076919451744868E-002
   5.9960549293739562E-002
  -1.0599627752318390E-002
  -7.4950686617174481E-002
   5.0348231823512037E-002
   7.4197394266228692E-002
  -3.9349110474016284E-002
   8.3944769011235390E-002
  -9.2938851405296355E-002
  -2.3319181055100495E-002
   7.0487524552916889E-002
   6.8154658573637256E-002
  0.19715307619312181     
  -7.3076919451744868E-002
  0.46410077028714980     
  0.52619723698757515     
  -6.9236478550995829E-003
  0.19583033395554691     
   6.9236478550997096E-003
   6.2312830695896958E-002
   4.7733643901664513E-002
  0.15589742816372285     
   2.3319181055100374E-002
   8.3083774261196064E-002
  -6.2312830695897055E-002
   5.9960549293739562E-002
  -1.0599627752318413E-002
  -6.9236478550995829E-003
  0.47253896611055302     
 -0.10770668367555093     
   6.0581918732122070E-002
  0.11597110157291948     
  -5.5383266321802668E-002
 -0.12291912605216619     
  0.12666555164020421     
  -6.2312830695897055E-002
   9.8661981935170506E-002
  -7.4950686617174508E-002
   5.0348231823511849E-002
  0.19583033395554691     
 -0.10770668367555093     
  0.60928101124877121     
  0.10770668367555092     
  0.10770668367555092     
   9.8661981935170812E-002
  0.11871583082596579     
  -8.9940823940609718E-003
  0.19583033395554691     
 -0.10770668367555093     
  0.11871583082596579     
  -8.9940823940610360E-003
   6.9236478550997096E-003
   6.0581918732122070E-002
  0.10770668367555092     
  0.47253896611055302     
   9.8661981935170812E-002
   5.5383266321804160E-002
  -3.2978302111556862E-002
   4.7168343497816477E-002
   6.2312830695896958E-002
  0.11597110157291932     
  -8.9940823940610360E-003
   8.1087152305235138E-002
   6.2312830695896958E-002
  0.11597110157291948     
  0.10770668367555092     
   9.8661981935170812E-002
  0.47253896611055302     
   5.5383266321804785E-002
  -8.9940823940609718E-003
   8.1087152305235277E-002
   6.9236478550995977E-003
   6.0581918732122077E-002
  -3.2978302111556862E-002
   4.7168343497816463E-002
   4.7733643901664513E-002
  -5.5383266321802668E-002
   9.8661981935170812E-002
   5.5383266321804160E-002
   5.5383266321804785E-002
  0.43981391179543816     
   4.7168343497816477E-002
  -6.4551278849042645E-002
   4.7733643901664520E-002
  -5.5383266321802668E-002
   4.7168343497816463E-002
  -6.4551278849042895E-002
  0.15589742816372285     
 -0.12291912605216619     
  0.11871583082596579     
  -3.2978302111556862E-002
  -8.9940823940609718E-003
   4.7168343497816477E-002
  0.46215349432790315     
  -2.7538640712498784E-003
   5.9960549293739562E-002
  -7.4950686617174508E-002
   6.0581918732122188E-002
  -3.2128414164581613E-002
   2.3319181055100374E-002
  0.12666555164020421     
  -8.9940823940609718E-003
   4.7168343497816477E-002
   8.1087152305235277E-002
  -6.4551278849042645E-002
  -2.7538640712498784E-003
  0.40941477043163638     
  -1.0599627752318413E-002
   5.0348231823511849E-002
  -3.2128414164581613E-002
   5.1115993930229024E-002
   8.3083774261196064E-002
  -6.2312830695897055E-002
  0.19583033395554691     
   6.2312830695896958E-002
   6.9236478550995977E-003
   4.7733643901664520E-002
   5.9960549293739562E-002
  -1.0599627752318413E-002
  0.52619723698757515     
  -6.9236478550995829E-003
  0.15589742816372293     
   2.3319181055100394E-002
  -6.2312830695897055E-002
   9.8661981935170506E-002
 -0.10770668367555093     
  0.11597110157291932     
   6.0581918732122077E-002
  -5.5383266321802668E-002
  -7.4950686617174508E-002
   5.0348231823511849E-002
  -6.9236478550995829E-003
  0.47253896611055302     
 -0.12291912605216619     
  0.12666555164020415     
   5.9960549293739562E-002
  -7.4950686617174508E-002
  0.11871583082596579     
  -8.9940823940610360E-003
  -3.2978302111556862E-002
   4.7168343497816463E-002
   6.0581918732122188E-002
  -3.2128414164581613E-002
  0.15589742816372293     
 -0.12291912605216619     
  0.46215349432790315     
  -2.7538640712496689E-003
  -1.0599627752318413E-002
   5.0348231823511849E-002
  -8.9940823940610360E-003
   8.1087152305235138E-002
   4.7168343497816463E-002
  -6.4551278849042895E-002
  -3.2128414164581613E-002
   5.1115993930229024E-002
   2.3319181055100394E-002
  0.12666555164020415     
  -2.7538640712496689E-003
  0.40941477043163693     
  0.52619723698757515     
  -6.9236478550995829E-003
  0.15589742816372282     
   2.3319181055100370E-002
  0.19583033395554691     
   6.9236478550996931E-003
   6.2312830695897055E-002
   4.7733643901664610E-002
   8.3083774261196064E-002
  -6.2312830695897055E-002
   5.9960549293739562E-002
  -1.0599627752318390E-002
  -6.9236478550995829E-003
  0.47253896611055302     
 -0.12291912605216615     
  0.12666555164020427     
 -0.10770668367555082     
   6.0581918732122209E-002
  0.11597110157291966     
  -5.5383266321802453E-002
  -6.2312830695897055E-002
   9.8661981935170381E-002
  -7.4950686617174481E-002
   5.0348231823512037E-002
  0.15589742816372282     
 -0.12291912605216615     
  0.46215349432790315     
  -2.7538640712498784E-003
  0.11871583082596579     
  -3.2978302111556862E-002
  -8.9940823940609718E-003
   4.7168343497816477E-002
   5.9960549293739562E-002
  -7.4950686617174481E-002
   6.0581918732122188E-002
  -3.2128414164581669E-002
   2.3319181055100370E-002
  0.12666555164020427     
  -2.7538640712498784E-003
  0.40941477043163638     
  -8.9940823940609718E-003
   4.7168343497816477E-002
   8.1087152305235277E-002
  -6.4551278849042645E-002
  -1.0599627752318390E-002
   5.0348231823512037E-002
  -3.2128414164581669E-002
   5.1115993930229024E-002
  0.19583033395554691     
 -0.10770668367555082     
  0.11871583082596579     
  -8.9940823940609718E-003
  0.60928101124877121     
  0.10770668367555092     
  0.10770668367555092     
   9.8661981935170812E-002
  0.19583033395554691     
 -0.10770668367555082     
  0.11871583082596579     
  -8.9940823940609718E-003
   6.9236478550996931E-003
   6.0581918732122209E-002
  -3.2978302111556862E-002
   4.7168343497816477E-002
  0.10770668367555092     
  0.47253896611055302     
   9.8661981935170812E-002
   5.5383266321804160E-002
   6.2312830695897055E-002
  0.11597110157291961     
  -8.9940823940609718E-003
   8.1087152305235374E-002
   6.2312830695897055E-002
  0.11597110157291966     
  -8.9940823940609718E-003
   8.1087152305235277E-002
  0.10770668367555092     
   9.8661981935170812E-002
  0.47253896611055302     
   5.5383266321804785E-002
   6.9236478550996931E-003
   6.0581918732122264E-002
  -3.2978302111556862E-002
   4.7168343497816387E-002
   4.7733643901664610E-002
  -5.5383266321802453E-002
   4.7168343497816477E-002
  -6.4551278849042645E-002
   9.8661981935170812E-002
   5.5383266321804160E-002
   5.5383266321804785E-002
  0.43981391179543816     
   4.7733643901664652E-002
  -5.5383266321802335E-002
   4.7168343497816387E-002
  -6.4551278849042729E-002
   8.3083774261196064E-002
  -6.2312830695897055E-002
   5.9960549293739562E-002
  -1.0599627752318390E-002
  0.19583033395554691     
   6.2312830695897055E-002
   6.9236478550996931E-003
   4.7733643901664652E-002
  0.52619723698757515     
  -6.9236478550995829E-003
  0.15589742816372285     
   2.3319181055100353E-002
  -6.2312830695897055E-002
   9.8661981935170381E-002
  -7.4950686617174481E-002
   5.0348231823512037E-002
 -0.10770668367555082     
  0.11597110157291961     
   6.0581918732122264E-002
  -5.5383266321802335E-002
  -6.9236478550995829E-003
  0.47253896611055302     
 -0.12291912605216621     
  0.12666555164020415     
   5.9960549293739562E-002
  -7.4950686617174481E-002
   6.0581918732122188E-002
  -3.2128414164581669E-002
  0.11871583082596579     
  -8.9940823940609718E-003
  -3.2978302111556862E-002
   4.7168343497816387E-002
  0.15589742816372285     
 -0.12291912605216621     
  0.46215349432790315     
  -2.7538640712496689E-003
  -1.0599627752318390E-002
   5.0348231823512037E-002
  -3.2128414164581669E-002
   5.1115993930229024E-002
  -8.9940823940609718E-003
   8.1087152305235374E-002
   4.7168343497816387E-002
  -6.4551278849042729E-002
   2.3319181055100353E-002
  0.12666555164020415     
  -2.7538640712496689E-003
  0.40941477043163693     
  0.43618981487127934     
  -2.5963679456623822E-002
  0.15589742816372282     
   2.3319181055100370E-002
   8.3944769011235390E-002
  -2.3319181055100495E-002
   3.4618239275498362E-002
  -4.3272799094372982E-002
  -2.5963679456623822E-002
  0.44008436678977292     
 -0.12291912605216615     
  0.12666555164020427     
  -9.2938851405296424E-002
   7.0487524552916833E-002
  -4.3272799094372982E-002
   8.4381958234026944E-002
  0.15589742816372282     
 -0.12291912605216615     
  0.53312088484267472     
   3.7942127203886990E-002
  0.21463308350808993     
  -3.7942127203887122E-002
   8.3944769011235390E-002
  -9.2938851405296424E-002
   2.3319181055100370E-002
  0.12666555164020427     
   3.7942127203886990E-002
  0.43337708293014432     
  -3.7942127203887240E-002
   7.2914666474018119E-002
  -2.3319181055100495E-002
   7.0487524552916916E-002
   8.3944769011235390E-002
  -9.2938851405296424E-002
  0.21463308350808993     
  -3.7942127203887240E-002
  0.53312088484267472     
   3.7942127203886990E-002
  0.15589742816372293     
 -0.12291912605216619     
  -2.3319181055100495E-002
   7.0487524552916833E-002
  -3.7942127203887122E-002
   7.2914666474018119E-002
   3.7942127203886990E-002
  0.43337708293014476     
   2.3319181055100394E-002
  0.12666555164020415     
   3.4618239275498362E-002
  -4.3272799094372982E-002
   8.3944769011235390E-002
  -2.3319181055100495E-002
  0.15589742816372293     
   2.3319181055100394E-002
  0.43618981487127934     
  -2.5963679456623822E-002
  -4.3272799094372982E-002
   8.4381958234026944E-002
  -9.2938851405296424E-002
   7.0487524552916916E-002
 -0.12291912605216619     
  0.12666555164020415     
  -2.5963679456623822E-002
  0.44008436678977264     
  0.43618981487127934     
  -2.5963679456623822E-002
  0.15589742816372285     
   2.3319181055100374E-002
   8.3944769011235390E-002
  -2.3319181055100495E-002
   3.4618239275498362E-002
  -4.3272799094372962E-002
  -2.5963679456623822E-002
  0.44008436678977292     
 -0.12291912605216619     
  0.12666555164020421     
  -9.2938851405296355E-002
   7.0487524552916972E-002
  -4.3272799094372962E-002
   8.4381958234027069E-002
  0.15589742816372285     
 -0.12291912605216619     
  0.53312088484267472     
   3.7942127203886990E-002
  0.21463308350808985     
  -3.7942127203887274E-002
   8.3944769011235390E-002
  -9.2938851405296355E-002
   2.3319181055100374E-002
  0.12666555164020421     
   3.7942127203886990E-002
  0.43337708293014432     
  -3.7942127203887316E-002
   7.2914666474017953E-002
  -2.3319181055100495E-002
   7.0487524552916889E-002
   8.3944769011235390E-002
  -9.2938851405296355E-002
  0.21463308350808985     
  -3.7942127203887316E-002
  0.53312088484267472     
   3.7942127203886990E-002
  0.15589742816372285     
 -0.12291912605216621     
  -2.3319181055100495E-002
   7.0487524552916972E-002
  -3.7942127203887274E-002
   7.2914666474017953E-002
   3.7942127203886990E-002
  0.43337708293014476     
   2.3319181055100353E-002
  0.12666555164020415     
   3.4618239275498362E-002
  -4.3272799094372962E-002
   8.3944769011235390E-002
  -2.3319181055100495E-002
  0.15589742816372285     
   2.3319181055100353E-002
  0.43618981487127934     
  -2.5963679456623822E-002
  -4.3272799094372962E-002
   8.4381958234027069E-002
  -9.2938851405296355E-002
   7.0487524552916889E-002
 -0.12291912605216621     
  0.12666555164020415     
  -2.5963679456623822E-002
  0.44008436678977264     
  0.46215349432790315     
  -2.7538640712498784E-003
  0.19715307619312181     
  0.10212380586272023     
  -5.4159326734580786E-002
  -2.7538640712498784E-003
  0.40941477043163638     
  -7.3076919451744923E-002
  -5.4159326734580834E-002
   7.5781489414021214E-002
  0.19715307619312181     
  -7.3076919451744923E-002
  0.50629174940416366     
  0.19715307619312183     
  -7.3076919451744826E-002
  0.10212380586272023     
  -5.4159326734580834E-002
  0.19715307619312183     
  0.46215349432790315     
  -2.7538640712496689E-003
  -5.4159326734580786E-002
   7.5781489414021214E-002
  -7.3076919451744826E-002
  -2.7538640712496689E-003
  0.40941477043163693     
  0.46215349432790315     
  -2.7538640712498784E-003
  0.19715307619312181     
  0.10212380586272019     
  -5.4159326734580862E-002
  -2.7538640712498784E-003
  0.40941477043163638     
  -7.3076919451744868E-002
  -5.4159326734580814E-002
   7.5781489414021061E-002
  0.19715307619312181     
  -7.3076919451744868E-002
  0.50629174940416366     
  0.19715307619312181     
  -7.3076919451744868E-002
  0.10212380586272019     
  -5.4159326734580814E-002
  0.19715307619312181     
  0.46215349432790315     
  -2.7538640712496689E-003
  -5.4159326734580862E-002
   7.5781489414021061E-002
  -7.3076919451744868E-002
  -2.7538640712496689E-003
  0.40941477043163693     
  0.46410077028715002     
  0.20316579174808092     
  0.20316579174808092     
  0.46410077028714980     
  0.46410077028715002     
  0.20316579174808092     
  0.20316579174808092     
  0.46410077028714980     
  0.44717028764147670     
  0.44717028764147670     
  0.44311346272637908     
   5.5511151231257827E-017
   7.8332133582218799E-002
  -7.8332133582218536E-002
   3.6776137690708310E-016
   0.0000000000000000     
  -2.0816681711721685E-017
   5.5511151231257827E-017
  0.44311346272637908     
   7.8332133582218882E-002
   7.8332133582218882E-002
   4.1541887130598455E-002
  0.11077836568159485     
   4.1541887130598039E-002
   7.8332133582218799E-002
   7.8332133582218882E-002
  0.41541887130598065     
   3.0531133177191805E-016
   5.6301221012220258E-002
  -1.9583033395554571E-002
  -2.2030912569999117E-002
  -7.8332133582218536E-002
   7.8332133582218882E-002
   3.0531133177191805E-016
  0.41541887130598065     
   5.6301221012220612E-002
  -1.9583033395554689E-002
  -2.2030912569999166E-002
   3.6776137690708310E-016
   4.1541887130598455E-002
   5.6301221012220258E-002
   5.6301221012220612E-002
  0.32930600110818037     
   2.4232767492848875E-002
   2.4665495483792189E-002
   0.0000000000000000     
  0.11077836568159485     
  -1.9583033395554571E-002
  -1.9583033395554689E-002
   2.4232767492848875E-002
  0.41541887130598038     
  0.13501113317444366     
  -2.0816681711721685E-017
   4.1541887130598039E-002
  -2.2030912569999117E-002
  -2.2030912569999166E-002
   2.4665495483792189E-002
  0.13501113317444366     
  0.38469518394897523     
  0.44311346272637897     
   7.8332133582218674E-002
  0.11077836568159466     
   5.8749100186663697E-002
   7.8332133582218771E-002
   4.1541887130598039E-002
   2.3984219717495828E-002
   7.8332133582218674E-002
  0.42926616701617926     
  -1.9583033395554908E-002
   2.4232767492848202E-002
  -1.3847295710199322E-002
  -2.2030912569999103E-002
  -1.2719553302782082E-002
  0.11077836568159466     
  -1.9583033395554908E-002
  0.41541887130597999     
  0.11260244202443834     
  -1.9583033395554700E-002
   7.9621950333646191E-002
  -1.7988164788121846E-002
   5.8749100186663697E-002
   2.4232767492848202E-002
  0.11260244202443834     
  0.34012420088176998     
   2.4232767492848736E-002
   1.5299244840276914E-002
   2.0139292729405123E-002
   7.8332133582218771E-002
  -1.3847295710199322E-002
  -1.9583033395554700E-002
   2.4232767492848736E-002
  0.42926616701617964     
   5.6301221012219585E-002
  0.12295568192689312     
   4.1541887130598039E-002
  -2.2030912569999103E-002
   7.9621950333646191E-002
   1.5299244840276914E-002
   5.6301221012219585E-002
  0.38469518394897528     
  -3.3727808977728653E-002
   2.3984219717495828E-002
  -1.2719553302782082E-002
  -1.7988164788121846E-002
   2.0139292729405123E-002
  0.12295568192689312     
  -3.3727808977728653E-002
  0.39594611171351279     
  0.44311346272637897     
   7.8332133582218716E-002
  0.11077836568159471     
   5.8749100186663891E-002
   7.8332133582218771E-002
   4.1541887130597942E-002
   2.3984219717495828E-002
   7.8332133582218716E-002
  0.42926616701617942     
  -1.9583033395554839E-002
   2.4232767492848493E-002
  -1.3847295710199306E-002
  -2.2030912569999200E-002
  -1.2719553302782105E-002
  0.11077836568159471     
  -1.9583033395554839E-002
  0.41541887130598026     
  0.11260244202443884     
  -1.9583033395554811E-002
   7.9621950333646122E-002
  -1.7988164788121944E-002
   5.8749100186663891E-002
   2.4232767492848493E-002
  0.11260244202443884     
  0.34012420088177087     
   2.4232767492848709E-002
   1.5299244840277004E-002
   2.0139292729404797E-002
   7.8332133582218771E-002
  -1.3847295710199306E-002
  -1.9583033395554811E-002
   2.4232767492848709E-002
  0.42926616701617964     
   5.6301221012219543E-002
  0.12295568192689312     
   4.1541887130597942E-002
  -2.2030912569999200E-002
   7.9621950333646122E-002
   1.5299244840277004E-002
   5.6301221012219543E-002
  0.38469518394897506     
  -3.3727808977728639E-002
   2.3984219717495828E-002
  -1.2719553302782105E-002
  -1.7988164788121944E-002
   2.0139292729404797E-002
  0.12295568192689312     
  -3.3727808977728639E-002
  0.39594611171351279     
  0.44311346272637908     
   5.5389182840797468E-002
  -5.5389182840797246E-002
   9.5936878869983283E-002
   3.3918808807418786E-002
   5.5389182840797468E-002
  0.37387698417538251     
  -5.5389182840797413E-002
  -4.7968439434991683E-002
   7.6317319816692361E-002
  -5.5389182840797246E-002
  -5.5389182840797413E-002
  0.37387698417538218     
  -2.3984219717495828E-002
  -3.3918808807418661E-002
   9.5936878869983283E-002
  -4.7968439434991683E-002
  -2.3984219717495828E-002
  0.40157157559578094     
   2.9374550093331734E-002
   3.3918808807418786E-002
   7.6317319816692361E-002
  -3.3918808807418661E-002
   2.9374550093331734E-002
  0.35829877650140735     
  0.44311346272637908     
   5.5389182840797468E-002
   9.5936878869983255E-002
   3.3918808807418759E-002
  -5.5389182840797364E-002
   5.5389182840797468E-002
  0.37387698417538262     
  -4.7968439434991669E-002
   7.6317319816692236E-002
  -5.5389182840797455E-002
   9.5936878869983255E-002
  -4.7968439434991669E-002
  0.40157157559578094     
   2.9374550093331789E-002
  -2.3984219717495890E-002
   3.3918808807418759E-002
   7.6317319816692236E-002
   2.9374550093331789E-002
  0.35829877650140735     
  -3.3918808807418800E-002
  -5.5389182840797364E-002
  -5.5389182840797455E-002
  -2.3984219717495890E-002
  -3.3918808807418800E-002
  0.37387698417538218     
  0.40157157559578099     
   1.7309119637749160E-002
   7.1952659152487428E-002
   4.6638362110200865E-002
   1.7309119637749160E-002
  0.35570240855574597     
  -2.9980274646869726E-002
   5.6178027087287433E-002
   7.1952659152487428E-002
  -2.9980274646869726E-002
  0.31848780133458476     
   7.5884254407774104E-002
   4.6638362110200865E-002
   5.6178027087287433E-002
   7.5884254407774104E-002
  0.36046241645612620     
  0.40157157559578099     
   1.7309119637749140E-002
   7.1952659152487455E-002
   4.6638362110200865E-002
   1.7309119637749140E-002
  0.35570240855574586     
  -2.9980274646869837E-002
   5.6178027087287238E-002
   7.1952659152487455E-002
  -2.9980274646869837E-002
  0.31848780133458487     
   7.5884254407774271E-002
   4.6638362110200865E-002
   5.6178027087287238E-002
   7.5884254407774271E-002
  0.36046241645612637     
  0.36002968846518291     
   5.1405462663330910E-002
   5.1405462663330910E-002
  0.33363328101761514     
  0.36002968846518296     
   5.1405462663330986E-002
   5.1405462663330986E-002
  0.33363328101761530     
  0.26093497853906911     
  0.26093497853906911     
  0.44311346272637908     
   5.5511151231257827E-017
   7.8332133582218799E-002
  -7.8332133582218536E-002
   3.6776137690708310E-016
   0.0000000000000000     
  -2.0816681711721685E-017
   5.5511151231257827E-017
  0.44311346272637908     
   7.8332133582218882E-002
   7.8332133582218882E-002
   4.1541887130598455E-002
  0.11077836568159485     
   4.1541887130598039E-002
   7.8332133582218799E-002
   7.8332133582218882E-002
  0.41541887130598065     
   3.0531133177191805E-016
   5.6301221012220258E-002
  -1.9583033395554571E-002
  -2.2030912569999117E-002
  -7.8332133582218536E-002
   7.8332133582218882E-002
   3.0531133177191805E-016
  0.41541887130598065     
   5.6301221012220612E-002
  -1.9583033395554689E-002
  -2.2030912569999166E-002
   3.6776137690708310E-016
   4.1541887130598455E-002
   5.6301221012220258E-002
   5.6301221012220612E-002
  0.32930600110818037     
   2.4232767492848875E-002
   2.4665495483792189E-002
   0.0000000000000000     
  0.11077836568159485     
  -1.9583033395554571E-002
  -1.9583033395554689E-002
   2.4232767492848875E-002
  0.41541887130598038     
  0.13501113317444366     
  -2.0816681711721685E-017
   4.1541887130598039E-002
  -2.2030912569999117E-002
  -2.2030912569999166E-002
   2.4665495483792189E-002
  0.13501113317444366     
  0.38469518394897523     
  0.44311346272637897     
   7.8332133582218674E-002
  0.11077836568159466     
   5.8749100186663697E-002
   7.8332133582218771E-002
   4.1541887130598039E-002
   2.3984219717495828E-002
   7.8332133582218674E-002
  0.42926616701617926     
  -1.9583033395554908E-002
   2.4232767492848202E-002
  -1.3847295710199322E-002
  -2.2030912569999103E-002
  -1.2719553302782082E-002
  0.11077836568159466     
  -1.9583033395554908E-002
  0.41541887130597999     
  0.11260244202443834     
  -1.9583033395554700E-002
   7.9621950333646191E-002
  -1.7988164788121846E-002
   5.8749100186663697E-002
   2.4232767492848202E-002
  0.11260244202443834     
  0.34012420088176998     
   2.4232767492848736E-002
   1.5299244840276914E-002
   2.0139292729405123E-002
   7.8332133582218771E-002
  -1.3847295710199322E-002
  -1.9583033395554700E-002
   2.4232767492848736E-002
  0.42926616701617964     
   5.6301221012219585E-002
  0.12295568192689312     
   4.1541887130598039E-002
  -2.2030912569999103E-002
   7.9621950333646191E-002
   1.5299244840276914E-002
   5.6301221012219585E-002
  0.38469518394897528     
  -3.3727808977728653E-002
   2.3984219717495828E-002
  -1.2719553302782082E-002
  -1.7988164788121846E-002
   2.0139292729405123E-002
  0.12295568192689312     
  -3.3727808977728653E-002
  0.39594611171351279     
  0.44311346272637897     
   7.8332133582218716E-002
  0.11077836568159471     
   5.8749100186663891E-002
   7.8332133582218771E-002
   4.1541887130597942E-002
   2.3984219717495828E-002
   7.8332133582218716E-002
  0.42926616701617942     
  -1.9583033395554839E-002
   2.4232767492848493E-002
  -1.3847295710199306E-002
  -2.2030912569999200E-002
  -1.2719553302782105E-002
  0.11077836568159471     
  -1.9583033395554839E-002
  0.41541887130598026     
  0.11260244202443884     
  -1.9583033395554811E-002
   7.9621950333646122E-002
  -1.7988164788121944E-002
   5.8749100186663891E-002
   2.4232767492848493E-002
  0.11260244202443884     
  0.34012420088177087     
   2.4232767492848709E-002
   1.5299244840277004E-002
   2.0139292729404797E-002
   7.8332133582218771E-002
  -1.3847295710199306E-002
  -1.9583033395554811E-002
   2.4232767492848709E-002
  0.42926616701617964     
   5.6301221012219543E-002
  0.12295568192689312     
   4.1541887130597942E-002
  -2.2030912569999200E-002
   7.9621950333646122E-002
   1.5299244840277004E-002
   5.6301221012219543E-002
  0.38469518394897506     
  -3.3727808977728639E-002
   2.3984219717495828E-002
  -1.2719553302782105E-002
  -1.7988164788121944E-002
   2.0139292729404797E-002
  0.12295568192689312     
  -3.3727808977728639E-002
  0.39594611171351279     
  0.44311346272637908     
   5.5389182840797468E-002
  -5.5389182840797246E-002
   9.5936878869983283E-002
   3.3918808807418786E-002
   5.5389182840797468E-002
  0.37387698417538251     
  -5.5389182840797413E-002
  -4.7968439434991683E-002
   7.6317319816692361E-002
  -5.5389182840797246E-002
  -5.5389182840797413E-002
  0.37387698417538218     
  -2.3984219717495828E-002
  -3.3918808807418661E-002
   9.5936878869983283E-002
  -4.7968439434991683E-002
  -2.3984219717495828E-002
  0.40157157559578094     
   2.9374550093331734E-002
   3.3918808807418786E-002
   7.6317319816692361E-002
  -3.3918808807418661E-002
   2.9374550093331734E-002
  0.35829877650140735     
  0.44311346272637908     
   5.5389182840797468E-002
   9.5936878869983255E-002
   3.3918808807418759E-002
  -5.5389182840797364E-002
   5.5389182840797468E-002
  0.37387698417538262     
  -4.7968439434991669E-002
   7.6317319816692236E-002
  -5.5389182840797455E-002
   9.5936878869983255E-002
  -4.7968439434991669E-002
  0.40157157559578094     
   2.9374550093331789E-002
  -2.3984219717495890E-002
   3.3918808807418759E-002
   7.6317319816692236E-002
   2.9374550093331789E-002
  0.35829877650140735     
  -3.3918808807418800E-002
  -5.5389182840797364E-002
  -5.5389182840797455E-002
  -2.3984219717495890E-002
  -3.3918808807418800E-002
  0.37387698417538218     
  0.40157157559578099     
   1.7309119637749160E-002
   7.1952659152487428E-002
   4.6638362110200865E-002
   1.7309119637749160E-002
  0.35570240855574597     
  -2.9980274646869726E-002
   5.6178027087287433E-002
   7.1952659152487428E-002
  -2.9980274646869726E-002
  0.31848780133458476     
   7.5884254407774104E-002
   4.6638362110200865E-002
   5.6178027087287433E-002
   7.5884254407774104E-002
  0.36046241645612620     
  0.40157157559578099     
   1.7309119637749140E-002
   7.1952659152487455E-002
   4.6638362110200865E-002
   1.7309119637749140E-002
  0.35570240855574586     
  -2.9980274646869837E-002
   5.6178027087287238E-002
   7.1952659152487455E-002
  -2.9980274646869837E-002
  0.31848780133458487     
   7.5884254407774271E-002
   4.6638362110200865E-002
   5.6178027087287238E-002
   7.5884254407774271E-002
  0.36046241645612637     
  0.36002968846518291     
   5.1405462663330910E-002
   5.1405462663330910E-002
  0.33363328101761514     
  0.36002968846518296     
   5.1405462663330986E-002
   5.1405462663330986E-002
  0.33363328101761530     
  0.26093497853906911     
  0.26093497853906911     
