  0.88622692545275805     
  0.22155673136318951     
  0.22155673136318951     
  0.16616754852239221     
  0.22155673136318951     
  0.22155673136318951     
   8.3083774261196064E-002
   8.3083774261196064E-002
  0.22155673136318951     
  0.60928101124877132     
  0.16616754852239221     
   9.6931069971395778E-002
  -5.5389182840797344E-002
  -5.5389182840797399E-002
  -6.2312830695897055E-002
  -6.2312830695897055E-002
  0.22155673136318951     
  0.16616754852239221     
  0.60928101124877132     
   9.6931069971395778E-002
  -5.5389182840797344E-002
  -5.5389182840797399E-002
  -6.2312830695897055E-002
  -6.2312830695897055E-002
  0.16616754852239221     
   9.6931069971395778E-002
   9.6931069971395778E-002
  0.52965906091512616     
   9.6931069971395639E-002
   9.6931069971395403E-002
   9.8661981935170506E-002
   9.8661981935170381E-002
  0.22155673136318951     
  -5.5389182840797344E-002
  -5.5389182840797344E-002
   9.6931069971395639E-002
  0.60928101124877121     
  0.16616754852239213     
  0.21463308350808993     
  0.10385471782649508     
  0.22155673136318951     
  -5.5389182840797399E-002
  -5.5389182840797399E-002
   9.6931069971395403E-002
  0.16616754852239213     
  0.60928101124877121     
  0.10385471782649508     
  0.21463308350808985     
   8.3083774261196064E-002
  -6.2312830695897055E-002
  -6.2312830695897055E-002
   9.8661981935170506E-002
  0.21463308350808993     
  0.10385471782649508     
  0.50629174940416366     
   9.0872878098183285E-002
   8.3083774261196064E-002
  -6.2312830695897055E-002
  -6.2312830695897055E-002
   9.8661981935170381E-002
  0.10385471782649508     
  0.21463308350808985     
   9.0872878098183285E-002
  0.50629174940416366     
  0.66467019408956851     
   5.5389182840797309E-002
  0.22155673136318951     
  -5.5389182840797344E-002
  0.19583033395554691     
  0.11749820037332814     
   5.5389182840797309E-002
  0.51234994127737565     
  -5.5389182840797344E-002
   9.6931069971395639E-002
 -0.10770668367555082     
  -8.8123650279996121E-002
  0.22155673136318951     
  -5.5389182840797344E-002
  0.66467019408956851     
   5.5389182840797309E-002
  0.11749820037332814     
  0.19583033395554691     
  -5.5389182840797344E-002
   9.6931069971395639E-002
   5.5389182840797309E-002
  0.51234994127737565     
  -8.8123650279996121E-002
 -0.10770668367555093     
  0.19583033395554691     
 -0.10770668367555082     
  0.11749820037332814     
  -8.8123650279996121E-002
  0.53312088484267472     
  0.10385471782649508     
  0.11749820037332814     
  -8.8123650279996121E-002
  0.19583033395554691     
 -0.10770668367555093     
  0.10385471782649508     
  0.53312088484267472     
  0.66467019408956851     
   5.5389182840797309E-002
  0.19583033395554691     
  0.22155673136318951     
  -5.5389182840797399E-002
  0.11749820037332814     
   5.5389182840797309E-002
  0.51234994127737565     
 -0.10770668367555093     
  -5.5389182840797399E-002
   9.6931069971395403E-002
  -8.8123650279996121E-002
  0.19583033395554691     
 -0.10770668367555093     
  0.53312088484267472     
  0.11749820037332814     
  -8.8123650279996121E-002
  0.10385471782649508     
  0.22155673136318951     
  -5.5389182840797399E-002
  0.11749820037332814     
  0.66467019408956851     
   5.5389182840797309E-002
  0.19583033395554691     
  -5.5389182840797399E-002
   9.6931069971395403E-002
  -8.8123650279996121E-002
   5.5389182840797309E-002
  0.51234994127737565     
 -0.10770668367555082     
  0.11749820037332814     
  -8.8123650279996121E-002
  0.10385471782649508     
  0.19583033395554691     
 -0.10770668367555082     
  0.53312088484267472     
  0.52619723698757515     
  -6.9236478550995829E-003
  0.19583033395554691     
   8.3083774261196064E-002
  -6.2312830695897055E-002
  -6.9236478550995829E-003
  0.47253896611055302     
 -0.10770668367555093     
  -6.2312830695897055E-002
   9.8661981935170506E-002
  0.19583033395554691     
 -0.10770668367555093     
  0.60928101124877121     
  0.19583033395554691     
 -0.10770668367555093     
   8.3083774261196064E-002
  -6.2312830695897055E-002
  0.19583033395554691     
  0.52619723698757515     
  -6.9236478550995829E-003
  -6.2312830695897055E-002
   9.8661981935170506E-002
 -0.10770668367555093     
  -6.9236478550995829E-003
  0.47253896611055302     
  0.52619723698757515     
  -6.9236478550995829E-003
  0.19583033395554691     
   8.3083774261196064E-002
  -6.2312830695897055E-002
  -6.9236478550995829E-003
  0.47253896611055302     
 -0.10770668367555082     
  -6.2312830695897055E-002
   9.8661981935170381E-002
  0.19583033395554691     
 -0.10770668367555082     
  0.60928101124877121     
  0.19583033395554691     
 -0.10770668367555082     
   8.3083774261196064E-002
  -6.2312830695897055E-002
  0.19583033395554691     
  0.52619723698757515     
  -6.9236478550995829E-003
  -6.2312830695897055E-002
   9.8661981935170381E-002
 -0.10770668367555082     
  -6.9236478550995829E-003
  0.47253896611055302     
  0.53312088484267472     
  0.21463308350808993     
  0.21463308350808993     
  0.53312088484267472     
  0.53312088484267472     
  0.21463308350808985     
  0.21463308350808985     
  0.53312088484267472     
  0.50629174940416366     
  0.50629174940416366     
  0.44311346272637908     
   5.5511151231257827E-017
   0.0000000000000000     
   5.5511151231257827E-017
  0.44311346272637908     
  0.11077836568159485     
   0.0000000000000000     
  0.11077836568159485     
  0.41541887130598038     
  0.44311346272637897     
  0.11077836568159466     
   7.8332133582218771E-002
  0.11077836568159466     
  0.41541887130597999     
  -1.9583033395554700E-002
   7.8332133582218771E-002
  -1.9583033395554700E-002
  0.42926616701617964     
  0.44311346272637897     
  0.11077836568159471     
   7.8332133582218771E-002
  0.11077836568159471     
  0.41541887130598026     
  -1.9583033395554811E-002
   7.8332133582218771E-002
  -1.9583033395554811E-002
  0.42926616701617964     
  0.44311346272637908     
   5.5389182840797468E-002
   5.5389182840797468E-002
  0.37387698417538251     
  0.44311346272637908     
   5.5389182840797468E-002
   5.5389182840797468E-002
  0.37387698417538262     
  0.31848780133458476     
  0.31848780133458487     
  0.44311346272637908     
   5.5511151231257827E-017
   0.0000000000000000     
   5.5511151231257827E-017
  0.44311346272637908     
  0.11077836568159485     
   0.0000000000000000     
  0.11077836568159485     
  0.41541887130598038     
  0.44311346272637897     
  0.11077836568159466     
   7.8332133582218771E-002
  0.11077836568159466     
  0.41541887130597999     
  -1.9583033395554700E-002
   7.8332133582218771E-002
  -1.9583033395554700E-002
  0.42926616701617964     
  0.44311346272637897     
  0.11077836568159471     
   7.8332133582218771E-002
  0.11077836568159471     
  0.41541887130598026     
  -1.9583033395554811E-002
   7.8332133582218771E-002
  -1.9583033395554811E-002
  0.42926616701617964     
  0.44311346272637908     
   5.5389182840797468E-002
   5.5389182840797468E-002
  0.37387698417538251     
  0.44311346272637908     
   5.5389182840797468E-002
   5.5389182840797468E-002
  0.37387698417538262     
  0.31848780133458476     
  0.31848780133458487     
