   1.2533141373155003     
  0.31332853432887509     
  0.31332853432887509     
  0.23499640074665643     
  0.31332853432887509     
  0.31332853432887509     
  0.11749820037332816     
  0.11749820037332816     
  0.31332853432887509     
  0.86165346940440668     
  0.23499640074665643     
  0.13708123376888337     
  -7.8332133582218716E-002
  -7.8332133582218799E-002
  -8.8123650279996121E-002
  -8.8123650279996121E-002
  0.31332853432887509     
  0.23499640074665643     
  0.86165346940440668     
  0.13708123376888337     
  -7.8332133582218716E-002
  -7.8332133582218799E-002
  -8.8123650279996121E-002
  -8.8123650279996121E-002
  0.23499640074665643     
  0.13708123376888337     
  0.13708123376888337     
  0.74905102737996876     
  0.13708123376888318     
  0.13708123376888284     
  0.13952911294332743     
  0.13952911294332726     
  0.31332853432887509     
  -7.8332133582218716E-002
  -7.8332133582218716E-002
  0.13708123376888318     
  0.86165346940440657     
  0.23499640074665631     
  0.30353701763109786     
  0.14687275046666018     
  0.31332853432887509     
  -7.8332133582218799E-002
  -7.8332133582218799E-002
  0.13708123376888284     
  0.23499640074665631     
  0.86165346940440657     
  0.14687275046666018     
  0.30353701763109775     
  0.11749820037332816     
  -8.8123650279996121E-002
  -8.8123650279996121E-002
  0.13952911294332743     
  0.30353701763109786     
  0.14687275046666018     
  0.71600465852496864     
  0.12851365665832779     
  0.11749820037332816     
  -8.8123650279996121E-002
  -8.8123650279996121E-002
  0.13952911294332726     
  0.14687275046666018     
  0.30353701763109775     
  0.12851365665832779     
  0.71600465852496864     
  0.93998560298662526     
   7.8332133582218674E-002
  0.31332853432887509     
  -7.8332133582218716E-002
  0.27694591420398690     
  0.16616754852239213     
   7.8332133582218674E-002
  0.72457223563552342     
  -7.8332133582218716E-002
  0.13708123376888318     
 -0.15232025281219280     
 -0.12462566139179411     
  0.31332853432887509     
  -7.8332133582218716E-002
  0.93998560298662526     
   7.8332133582218674E-002
  0.16616754852239213     
  0.27694591420398690     
  -7.8332133582218716E-002
  0.13708123376888318     
   7.8332133582218674E-002
  0.72457223563552342     
 -0.12462566139179411     
 -0.15232025281219297     
  0.27694591420398690     
 -0.15232025281219280     
  0.16616754852239213     
 -0.12462566139179411     
  0.75394678572885565     
  0.14687275046666018     
  0.16616754852239213     
 -0.12462566139179411     
  0.27694591420398690     
 -0.15232025281219297     
  0.14687275046666018     
  0.75394678572885565     
  0.93998560298662526     
   7.8332133582218674E-002
  0.27694591420398690     
  0.31332853432887509     
  -7.8332133582218799E-002
  0.16616754852239213     
   7.8332133582218674E-002
  0.72457223563552342     
 -0.15232025281219297     
  -7.8332133582218799E-002
  0.13708123376888284     
 -0.12462566139179411     
  0.27694591420398690     
 -0.15232025281219297     
  0.75394678572885565     
  0.16616754852239213     
 -0.12462566139179411     
  0.14687275046666018     
  0.31332853432887509     
  -7.8332133582218799E-002
  0.16616754852239213     
  0.93998560298662526     
   7.8332133582218674E-002
  0.27694591420398690     
  -7.8332133582218799E-002
  0.13708123376888284     
 -0.12462566139179411     
   7.8332133582218674E-002
  0.72457223563552342     
 -0.15232025281219280     
  0.16616754852239213     
 -0.12462566139179411     
  0.14687275046666018     
  0.27694591420398690     
 -0.15232025281219280     
  0.75394678572885565     
  0.74415526903107843     
  -9.7915166977772198E-003
  0.27694591420398690     
  0.11749820037332816     
  -8.8123650279996121E-002
  -9.7915166977772198E-003
  0.66827101462330440     
 -0.15232025281219297     
  -8.8123650279996121E-002
  0.13952911294332743     
  0.27694591420398690     
 -0.15232025281219297     
  0.86165346940440657     
  0.27694591420398690     
 -0.15232025281219297     
  0.11749820037332816     
  -8.8123650279996121E-002
  0.27694591420398690     
  0.74415526903107843     
  -9.7915166977772198E-003
  -8.8123650279996121E-002
  0.13952911294332743     
 -0.15232025281219297     
  -9.7915166977772198E-003
  0.66827101462330440     
  0.74415526903107843     
  -9.7915166977772198E-003
  0.27694591420398690     
  0.11749820037332816     
  -8.8123650279996121E-002
  -9.7915166977772198E-003
  0.66827101462330440     
 -0.15232025281219280     
  -8.8123650279996121E-002
  0.13952911294332726     
  0.27694591420398690     
 -0.15232025281219280     
  0.86165346940440657     
  0.27694591420398690     
 -0.15232025281219280     
  0.11749820037332816     
  -8.8123650279996121E-002
  0.27694591420398690     
  0.74415526903107843     
  -9.7915166977772198E-003
  -8.8123650279996121E-002
  0.13952911294332726     
 -0.15232025281219280     
  -9.7915166977772198E-003
  0.66827101462330440     
  0.75394678572885565     
  0.30353701763109786     
  0.30353701763109786     
  0.75394678572885565     
  0.75394678572885565     
  0.30353701763109775     
  0.30353701763109775     
  0.75394678572885565     
  0.71600465852496864     
  0.71600465852496864     
  0.62665706865775028     
   8.3266726846886741E-017
   0.0000000000000000     
   8.3266726846886741E-017
  0.62665706865775028     
  0.15666426716443768     
   0.0000000000000000     
  0.15666426716443768     
  0.58749100186664083     
  0.62665706865775017     
  0.15666426716443738     
  0.11077836568159477     
  0.15666426716443738     
  0.58749100186664027     
  -2.7694591420398693E-002
  0.11077836568159477     
  -2.7694591420398693E-002
  0.60707403526219550     
  0.62665706865775017     
  0.15666426716443749     
  0.11077836568159477     
  0.15666426716443749     
  0.58749100186664061     
  -2.7694591420398859E-002
  0.11077836568159477     
  -2.7694591420398859E-002
  0.60707403526219550     
  0.62665706865775028     
   7.8332133582218896E-002
   7.8332133582218896E-002
  0.52874190167997703     
  0.62665706865775028     
   7.8332133582218896E-002
   7.8332133582218896E-002
  0.52874190167997714     
  0.45040976809775779     
  0.45040976809775790     
  0.62665706865775028     
   8.3266726846886741E-017
   0.0000000000000000     
   8.3266726846886741E-017
  0.62665706865775028     
  0.15666426716443768     
   0.0000000000000000     
  0.15666426716443768     
  0.58749100186664083     
  0.62665706865775017     
  0.15666426716443738     
  0.11077836568159477     
  0.15666426716443738     
  0.58749100186664027     
  -2.7694591420398693E-002
  0.11077836568159477     
  -2.7694591420398693E-002
  0.60707403526219550     
  0.62665706865775017     
  0.15666426716443749     
  0.11077836568159477     
  0.15666426716443749     
  0.58749100186664061     
  -2.7694591420398859E-002
  0.11077836568159477     
  -2.7694591420398859E-002
  0.60707403526219550     
  0.62665706865775028     
   7.8332133582218896E-002
   7.8332133582218896E-002
  0.52874190167997703     
  0.62665706865775028     
   7.8332133582218896E-002
   7.8332133582218896E-002
  0.52874190167997714     
  0.45040976809775779     
  0.45040976809775790     
