  0.66319150439565433     
  0.16579787609891358     
  0.16579787609891358     
  0.12434840707418524     
  0.16579787609891358     
  0.16579787609891358     
   6.2174203537092590E-002
   6.2174203537092590E-002
  0.16579787609891358     
  0.45594415927201243     
  0.12434840707418524     
   7.2536570793274968E-002
  -4.1449469024728368E-002
  -4.1449469024728409E-002
  -4.6630652652819446E-002
  -4.6630652652819446E-002
  0.16579787609891358     
  0.12434840707418524     
  0.45594415927201243     
   7.2536570793274968E-002
  -4.1449469024728368E-002
  -4.1449469024728409E-002
  -4.6630652652819446E-002
  -4.6630652652819446E-002
  0.12434840707418524     
   7.2536570793274968E-002
   7.2536570793274968E-002
  0.39636054754896621     
   7.2536570793274857E-002
   7.2536570793274691E-002
   7.3831866700297580E-002
   7.3831866700297497E-002
  0.16579787609891358     
  -4.1449469024728368E-002
  -4.1449469024728368E-002
   7.2536570793274857E-002
  0.45594415927201237     
  0.12434840707418518     
  0.16061669247082258     
   7.7717754421365734E-002
  0.16579787609891358     
  -4.1449469024728409E-002
  -4.1449469024728409E-002
   7.2536570793274691E-002
  0.12434840707418518     
  0.45594415927201237     
   7.7717754421365734E-002
  0.16061669247082253     
   6.2174203537092590E-002
  -4.6630652652819446E-002
  -4.6630652652819446E-002
   7.3831866700297580E-002
  0.16061669247082258     
   7.7717754421365734E-002
  0.37887405280415809     
   6.8003035118695085E-002
   6.2174203537092590E-002
  -4.6630652652819446E-002
  -4.6630652652819446E-002
   7.3831866700297497E-002
   7.7717754421365734E-002
  0.16061669247082253     
   6.8003035118695085E-002
  0.37887405280415809     
  0.49739362829674072     
   4.1449469024728340E-002
  0.16579787609891358     
  -4.1449469024728368E-002
  0.14654600311983601     
   8.7927601871901601E-002
   4.1449469024728340E-002
  0.38340758847873752     
  -4.1449469024728368E-002
   7.2536570793274857E-002
  -8.0600301715909803E-002
  -6.5945701403926207E-002
  0.16579787609891358     
  -4.1449469024728368E-002
  0.49739362829674072     
   4.1449469024728340E-002
   8.7927601871901601E-002
  0.14654600311983598     
  -4.1449469024728368E-002
   7.2536570793274857E-002
   4.1449469024728340E-002
  0.38340758847873752     
  -6.5945701403926207E-002
  -8.0600301715909900E-002
  0.14654600311983601     
  -8.0600301715909803E-002
   8.7927601871901601E-002
  -6.5945701403926207E-002
  0.39895113936301080     
   7.7717754421365734E-002
   8.7927601871901601E-002
  -6.5945701403926207E-002
  0.14654600311983598     
  -8.0600301715909900E-002
   7.7717754421365734E-002
  0.39895113936301080     
  0.49739362829674072     
   4.1449469024728340E-002
  0.14654600311983598     
  0.16579787609891358     
  -4.1449469024728409E-002
   8.7927601871901601E-002
   4.1449469024728340E-002
  0.38340758847873752     
  -8.0600301715909900E-002
  -4.1449469024728409E-002
   7.2536570793274691E-002
  -6.5945701403926207E-002
  0.14654600311983598     
  -8.0600301715909900E-002
  0.39895113936301080     
   8.7927601871901601E-002
  -6.5945701403926207E-002
   7.7717754421365734E-002
  0.16579787609891358     
  -4.1449469024728409E-002
   8.7927601871901601E-002
  0.49739362829674072     
   4.1449469024728340E-002
  0.14654600311983601     
  -4.1449469024728409E-002
   7.2536570793274691E-002
  -6.5945701403926207E-002
   4.1449469024728340E-002
  0.38340758847873752     
  -8.0600301715909803E-002
   8.7927601871901601E-002
  -6.5945701403926207E-002
   7.7717754421365734E-002
  0.14654600311983601     
  -8.0600301715909803E-002
  0.39895113936301080     
  0.39376995573491980     
  -5.1811836280909818E-003
  0.14654600311983598     
   6.2174203537092590E-002
  -4.6630652652819446E-002
  -5.1811836280909818E-003
  0.35361578261721438     
  -8.0600301715909900E-002
  -4.6630652652819446E-002
   7.3831866700297580E-002
  0.14654600311983598     
  -8.0600301715909900E-002
  0.45594415927201237     
  0.14654600311983598     
  -8.0600301715909900E-002
   6.2174203537092590E-002
  -4.6630652652819446E-002
  0.14654600311983598     
  0.39376995573491980     
  -5.1811836280909818E-003
  -4.6630652652819446E-002
   7.3831866700297580E-002
  -8.0600301715909900E-002
  -5.1811836280909818E-003
  0.35361578261721438     
  0.39376995573491980     
  -5.1811836280909818E-003
  0.14654600311983601     
   6.2174203537092590E-002
  -4.6630652652819446E-002
  -5.1811836280909818E-003
  0.35361578261721438     
  -8.0600301715909803E-002
  -4.6630652652819446E-002
   7.3831866700297497E-002
  0.14654600311983601     
  -8.0600301715909803E-002
  0.45594415927201237     
  0.14654600311983601     
  -8.0600301715909803E-002
   6.2174203537092590E-002
  -4.6630652652819446E-002
  0.14654600311983601     
  0.39376995573491980     
  -5.1811836280909818E-003
  -4.6630652652819446E-002
   7.3831866700297497E-002
  -8.0600301715909803E-002
  -5.1811836280909818E-003
  0.35361578261721438     
  0.39895113936301080     
  0.16061669247082258     
  0.16061669247082258     
  0.39895113936301080     
  0.39895113936301080     
  0.16061669247082253     
  0.16061669247082253     
  0.39895113936301080     
  0.37887405280415809     
  0.37887405280415809     
  0.33159575219782722     
   4.1633363423443370E-017
   0.0000000000000000     
   4.1633363423443370E-017
  0.33159575219782722     
   8.2898938049456847E-002
   0.0000000000000000     
   8.2898938049456847E-002
  0.31087101768546299     
  0.33159575219782711     
   8.2898938049456708E-002
   5.8618401247934410E-002
   8.2898938049456708E-002
  0.31087101768546266     
  -1.4654600311983595E-002
   5.8618401247934410E-002
  -1.4654600311983595E-002
  0.32123338494164505     
  0.33159575219782711     
   8.2898938049456750E-002
   5.8618401247934382E-002
   8.2898938049456750E-002
  0.31087101768546282     
  -1.4654600311983693E-002
   5.8618401247934382E-002
  -1.4654600311983693E-002
  0.32123338494164505     
  0.33159575219782722     
   4.1449469024728465E-002
   4.1449469024728465E-002
  0.27978391591691681     
  0.33159575219782722     
   4.1449469024728465E-002
   4.1449469024728465E-002
  0.27978391591691687     
  0.23833444689218822     
  0.23833444689218827     
  0.33159575219782722     
   4.1633363423443370E-017
   0.0000000000000000     
   4.1633363423443370E-017
  0.33159575219782722     
   8.2898938049456847E-002
   0.0000000000000000     
   8.2898938049456847E-002
  0.31087101768546299     
  0.33159575219782711     
   8.2898938049456708E-002
   5.8618401247934410E-002
   8.2898938049456708E-002
  0.31087101768546266     
  -1.4654600311983595E-002
   5.8618401247934410E-002
  -1.4654600311983595E-002
  0.32123338494164505     
  0.33159575219782711     
   8.2898938049456750E-002
   5.8618401247934382E-002
   8.2898938049456750E-002
  0.31087101768546282     
  -1.4654600311983693E-002
   5.8618401247934382E-002
  -1.4654600311983693E-002
  0.32123338494164505     
  0.33159575219782722     
   4.1449469024728465E-002
   4.1449469024728465E-002
  0.27978391591691681     
  0.33159575219782722     
   4.1449469024728465E-002
   4.1449469024728465E-002
  0.27978391591691687     
  0.23833444689218822     
  0.23833444689218827     
